interpretation:  state--->action---->next_state

[[     0.      0.      0.      0.      0.      0.      0.      0.      0.
       0.      0.      0.      0.      0.      0.      0.      0.      0.
       0.      0.      0.      0. 100000.]]BUY[[ 0.00000e+00  0.00000e+00  0.00000e+00  0.00000e+00  0.00000e+00
   0.00000e+00  0.00000e+00  0.00000e+00  0.00000e+00  0.00000e+00
   0.00000e+00  0.00000e+00  0.00000e+00  0.00000e+00  0.00000e+00
   0.00000e+00  0.00000e+00  0.00000e+00  0.00000e+00 -1.10000e+00
   4.97292e+04  4.96807e+04  3.00800e+02]]SELL[[ 0.00000e+00  0.00000e+00  0.00000e+00  0.00000e+00  0.00000e+00
   0.00000e+00  0.00000e+00  0.00000e+00  0.00000e+00  0.00000e+00
   0.00000e+00  0.00000e+00  0.00000e+00  0.00000e+00  0.00000e+00
   0.00000e+00  0.00000e+00 -1.10000e+00  1.10000e+00 -6.00000e-01
   1.00415e+04  9.97990e+03  7.96960e+04]]SELL[[ 0.00000e+00  0.00000e+00  0.00000e+00  0.00000e+00  0.00000e+00
   0.00000e+00  0.00000e+00  0.00000e+00  0.00000e+00  0.00000e+00
   0.00000e+00  0.00000e+00  0.00000e+00  0.00000e+00  0.00000e+00
  -1.10000e+00  1.10000e+00 -6.00000e-01  3.00000e-01 -2.40000e+00
   2.01040e+03  2.04490e+03  9.56378e+04]]SELL[[ 0.0000e+00  0.0000e+00  0.0000e+00  0.0000e+00  0.0000e+00  0.0000e+00
   0.0000e+00  0.0000e+00  0.0000e+00  0.0000e+00  0.0000e+00  0.0000e+00
   0.0000e+00 -1.1000e+00  1.1000e+00 -6.0000e-01  3.0000e-01 -2.4000e+00
   1.6000e+00 -3.9000e+00  5.7760e+02  5.4600e+02  9.8561e+04]]SELL[[ 0.00000e+00  0.00000e+00  0.00000e+00  0.00000e+00  0.00000e+00
   0.00000e+00  0.00000e+00  0.00000e+00  0.00000e+00  0.00000e+00
   0.00000e+00 -1.10000e+00  1.10000e+00 -6.00000e-01  3.00000e-01
  -2.40000e+00  1.60000e+00 -3.90000e+00 -4.60000e+00  1.00000e-01
   2.84200e+02  1.82100e+02  9.92138e+04]]BUY[[ 0.00000e+00  0.00000e+00  0.00000e+00  0.00000e+00  0.00000e+00
   0.00000e+00  0.00000e+00  0.00000e+00  0.00000e+00 -1.10000e+00
   1.10000e+00 -6.00000e-01  3.00000e-01 -2.40000e+00  1.60000e+00
  -3.90000e+00 -4.60000e+00  1.00000e-01  9.10000e+00  9.00000e-01
   5.13275e+04  4.99590e+04  2.31800e+02]]SELL[[ 0.00000e+00  0.00000e+00  0.00000e+00  0.00000e+00  0.00000e+00
   0.00000e+00  0.00000e+00 -1.10000e+00  1.10000e+00 -6.00000e-01
   3.00000e-01 -2.40000e+00  1.60000e+00 -3.90000e+00 -4.60000e+00
   1.00000e-01  9.10000e+00  9.00000e-01 -3.30000e+00 -6.00000e-01
   1.01500e+04  1.00320e+04  8.11878e+04]]SELL[[ 0.00000e+00  0.00000e+00  0.00000e+00  0.00000e+00  0.00000e+00
  -1.10000e+00  1.10000e+00 -6.00000e-01  3.00000e-01 -2.40000e+00
   1.60000e+00 -3.90000e+00 -4.60000e+00  1.00000e-01  9.10000e+00
   9.00000e-01 -3.30000e+00 -6.00000e-01  1.10000e+00  4.40000e+00
   2.03770e+03  2.05480e+03  9.73334e+04]]SELL[[ 0.000000e+00  0.000000e+00  0.000000e+00 -1.100000e+00  1.100000e+00
  -6.000000e-01  3.000000e-01 -2.400000e+00  1.600000e+00 -3.900000e+00
  -4.600000e+00  1.000000e-01  9.100000e+00  9.000000e-01 -3.300000e+00
  -6.000000e-01  1.100000e+00  4.400000e+00  8.900000e+00  3.600000e+00
   6.000000e+02  5.712000e+02  1.002833e+05]]SELL[[ 0.000000e+00 -1.100000e+00  1.100000e+00 -6.000000e-01  3.000000e-01
  -2.400000e+00  1.600000e+00 -3.900000e+00 -4.600000e+00  1.000000e-01
   9.100000e+00  9.000000e-01 -3.300000e+00 -6.000000e-01  1.100000e+00
   4.400000e+00  8.900000e+00  3.600000e+00 -3.100000e+00 -4.000000e-01
   2.969000e+02  1.900000e+02  1.009641e+05]]BUY[[ 1.10000e+00 -6.00000e-01  3.00000e-01 -2.40000e+00  1.60000e+00
  -3.90000e+00 -4.60000e+00  1.00000e-01  9.10000e+00  9.00000e-01
  -3.30000e+00 -6.00000e-01  1.10000e+00  4.40000e+00  8.90000e+00
   3.60000e+00 -3.10000e+00 -4.00000e-01  2.10000e+00  1.00000e-01
   5.11290e+04  5.05666e+04  1.41100e+02]]SELL[[ 3.00000e-01 -2.40000e+00  1.60000e+00 -3.90000e+00 -4.60000e+00
   1.00000e-01  9.10000e+00  9.00000e-01 -3.30000e+00 -6.00000e-01
   1.10000e+00  4.40000e+00  8.90000e+00  3.60000e+00 -3.10000e+00
  -4.00000e-01  2.10000e+00  1.00000e-01  1.00000e-01 -2.80000e+00
   1.04685e+04  1.01142e+04  8.11063e+04]]SELL[[ 1.6000e+00 -3.9000e+00 -4.6000e+00  1.0000e-01  9.1000e+00  9.0000e-01
  -3.3000e+00 -6.0000e-01  1.1000e+00  4.4000e+00  8.9000e+00  3.6000e+00
  -3.1000e+00 -4.0000e-01  2.1000e+00  1.0000e-01  1.0000e-01 -2.8000e+00
   3.5000e+00  3.8000e+00  2.1182e+03  2.1021e+03  9.7535e+04]]SELL[[-4.600000e+00  1.000000e-01  9.100000e+00  9.000000e-01 -3.300000e+00
  -6.000000e-01  1.100000e+00  4.400000e+00  8.900000e+00  3.600000e+00
  -3.100000e+00 -4.000000e-01  2.100000e+00  1.000000e-01  1.000000e-01
  -2.800000e+00  3.500000e+00  3.800000e+00  3.300000e+00  7.500000e+00
   6.118000e+02  5.958000e+02  1.005768e+05]]SELL[[ 9.100000e+00  9.000000e-01 -3.300000e+00 -6.000000e-01  1.100000e+00
   4.400000e+00  8.900000e+00  3.600000e+00 -3.100000e+00 -4.000000e-01
   2.100000e+00  1.000000e-01  1.000000e-01 -2.800000e+00  3.500000e+00
   3.800000e+00  3.300000e+00  7.500000e+00  1.500000e+00  1.200000e+00
   3.074000e+02  1.998000e+02  1.012799e+05]]BUY[[-3.30000e+00 -6.00000e-01  1.10000e+00  4.40000e+00  8.90000e+00
   3.60000e+00 -3.10000e+00 -4.00000e-01  2.10000e+00  1.00000e-01
   1.00000e-01 -2.80000e+00  3.50000e+00  3.80000e+00  3.30000e+00
   7.50000e+00  1.50000e+00  1.20000e+00 -4.00000e-01  1.60000e+00
   5.06550e+04  5.11556e+04  3.16900e+02]]SELL[[ 1.10000e+00  4.40000e+00  8.90000e+00  3.60000e+00 -3.10000e+00
  -4.00000e-01  2.10000e+00  1.00000e-01  1.00000e-01 -2.80000e+00
   3.50000e+00  3.80000e+00  3.30000e+00  7.50000e+00  1.50000e+00
   1.20000e+00 -4.00000e-01  1.60000e+00  3.00000e-01 -1.00000e+00
   1.01409e+04  1.02204e+04  8.17251e+04]]SELL[[ 8.90000e+00  3.60000e+00 -3.10000e+00 -4.00000e-01  2.10000e+00
   1.00000e-01  1.00000e-01 -2.80000e+00  3.50000e+00  3.80000e+00
   3.30000e+00  7.50000e+00  1.50000e+00  1.20000e+00 -4.00000e-01
   1.60000e+00  3.00000e-01 -1.00000e+00  3.90000e+00  4.50000e+00
   2.17840e+03  2.25390e+03  9.77309e+04]]SELL[[-3.100000e+00 -4.000000e-01  2.100000e+00  1.000000e-01  1.000000e-01
  -2.800000e+00  3.500000e+00  3.800000e+00  3.300000e+00  7.500000e+00
   1.500000e+00  1.200000e+00 -4.000000e-01  1.600000e+00  3.000000e-01
  -1.000000e+00  3.900000e+00  4.500000e+00  2.000000e-01  5.700000e+00
   6.228000e+02  6.318000e+02  1.009261e+05]]SELL[[ 2.100000e+00  1.000000e-01  1.000000e-01 -2.800000e+00  3.500000e+00
   3.800000e+00  3.300000e+00  7.500000e+00  1.500000e+00  1.200000e+00
  -4.000000e-01  1.600000e+00  3.000000e-01 -1.000000e+00  3.900000e+00
   4.500000e+00  2.000000e-01  5.700000e+00  6.800000e+00 -2.300000e+00
   3.182000e+02  2.083000e+02  1.016587e+05]]BUY[[ 1.0000e-01 -2.8000e+00  3.5000e+00  3.8000e+00  3.3000e+00  7.5000e+00
   1.5000e+00  1.2000e+00 -4.0000e-01  1.6000e+00  3.0000e-01 -1.0000e+00
   3.9000e+00  4.5000e+00  2.0000e-01  5.7000e+00  6.8000e+00 -2.3000e+00
   1.7000e+00  3.5000e+00  5.1184e+04  5.1891e+04  2.3970e+02]]SELL[[ 3.50000e+00  3.80000e+00  3.30000e+00  7.50000e+00  1.50000e+00
   1.20000e+00 -4.00000e-01  1.60000e+00  3.00000e-01 -1.00000e+00
   3.90000e+00  4.50000e+00  2.00000e-01  5.70000e+00  6.80000e+00
  -2.30000e+00  1.70000e+00  3.50000e+00 -1.37000e+01  6.00000e-01
   9.79840e+03  1.04076e+04  8.26997e+04]]SELL[[ 3.30000e+00  7.50000e+00  1.50000e+00  1.20000e+00 -4.00000e-01
   1.60000e+00  3.00000e-01 -1.00000e+00  3.90000e+00  4.50000e+00
   2.00000e-01  5.70000e+00  6.80000e+00 -2.30000e+00  1.70000e+00
   3.50000e+00 -1.37000e+01  6.00000e-01  1.60000e+00  1.30000e+00
   2.15460e+03  2.13700e+03  9.86383e+04]]SELL[[ 1.500000e+00  1.200000e+00 -4.000000e-01  1.600000e+00  3.000000e-01
  -1.000000e+00  3.900000e+00  4.500000e+00  2.000000e-01  5.700000e+00
   6.800000e+00 -2.300000e+00  1.700000e+00  3.500000e+00 -1.370000e+01
   6.000000e-01  1.600000e+00  1.300000e+00  4.200000e+00  1.200000e+00
   6.240000e+02  4.298000e+02  1.018869e+05]]SELL[[-4.000000e-01  1.600000e+00  3.000000e-01 -1.000000e+00  3.900000e+00
   4.500000e+00  2.000000e-01  5.700000e+00  6.800000e+00 -2.300000e+00
   1.700000e+00  3.500000e+00 -1.370000e+01  6.000000e-01  1.600000e+00
   1.300000e+00  4.200000e+00  1.200000e+00  1.750000e+01  3.000000e+00
   3.295000e+02  2.179000e+02  1.024138e+05]]BUY[[ 3.00000e-01 -1.00000e+00  3.90000e+00  4.50000e+00  2.00000e-01
   5.70000e+00  6.80000e+00 -2.30000e+00  1.70000e+00  3.50000e+00
  -1.37000e+01  6.00000e-01  1.60000e+00  1.30000e+00  4.20000e+00
   1.20000e+00  1.75000e+01  3.00000e+00 -6.40000e+00 -3.50000e+00
   5.04036e+04  5.05984e+04  1.34800e+02]]SELL[[ 3.900000e+00  4.500000e+00  2.000000e-01  5.700000e+00  6.800000e+00
  -2.300000e+00  1.700000e+00  3.500000e+00 -1.370000e+01  6.000000e-01
   1.600000e+00  1.300000e+00  4.200000e+00  1.200000e+00  1.750000e+01
   3.000000e+00 -6.400000e+00 -3.500000e+00 -1.000000e-01  8.590000e+00
   1.033600e+04  1.070352e+04  8.050640e+04]]SELL[[ 2.000000e-01  5.700000e+00  6.800000e+00 -2.300000e+00  1.700000e+00
   3.500000e+00 -1.370000e+01  6.000000e-01  1.600000e+00  1.300000e+00
   4.200000e+00  1.200000e+00  1.750000e+01  3.000000e+00 -6.400000e+00
  -3.500000e+00 -1.000000e-01  8.590000e+00 -1.250000e+01 -1.900000e-01
   2.173500e+03  2.228000e+03  9.705502e+04]]SELL[[ 6.8000002e+00 -2.3000000e+00  1.7000000e+00  3.5000000e+00
  -1.3700000e+01  6.0000002e-01  1.6000000e+00  1.3000000e+00
   4.1999998e+00  1.2000000e+00  1.7500000e+01  3.0000000e+00
  -6.4000001e+00 -3.5000000e+00 -1.0000000e-01  8.5900002e+00
  -1.2500000e+01 -1.9000000e-01 -4.0000001e-01 -1.0200000e+00
   6.2020001e+02  4.4356000e+02  1.0038992e+05]]SELL[[ 1.700000e+00  3.500000e+00 -1.370000e+01  6.000000e-01  1.600000e+00
   1.300000e+00  4.200000e+00  1.200000e+00  1.750000e+01  3.000000e+00
  -6.400000e+00 -3.500000e+00 -1.000000e-01  8.590000e+00 -1.250000e+01
  -1.900000e-01 -4.000000e-01 -1.020000e+00 -3.900000e+00  4.950000e+00
   3.062000e+02  2.267300e+02  1.009218e+05]]BUY[[-1.370000e+01  6.000000e-01  1.600000e+00  1.300000e+00  4.200000e+00
   1.200000e+00  1.750000e+01  3.000000e+00 -6.400000e+00 -3.500000e+00
  -1.000000e-01  8.590000e+00 -1.250000e+01 -1.900000e-01 -4.000000e-01
  -1.020000e+00 -3.900000e+00  4.950000e+00  3.900000e+00 -1.680000e+00
   5.116650e+04  5.018615e+04  3.709400e+02]]SELL[[ 1.600000e+00  1.300000e+00  4.200000e+00  1.200000e+00  1.750000e+01
   3.000000e+00 -6.400000e+00 -3.500000e+00 -1.000000e-01  8.590000e+00
  -1.250000e+01 -1.900000e-01 -4.000000e-01 -1.020000e+00 -3.900000e+00
   4.950000e+00  3.900000e+00 -1.680000e+00  5.000000e+00 -2.990000e+00
   1.039830e+04  9.992700e+03  8.136304e+04]]SELL[[ 4.20000e+00  1.20000e+00  1.75000e+01  3.00000e+00 -6.40000e+00
  -3.50000e+00 -1.00000e-01  8.59000e+00 -1.25000e+01 -1.90000e-01
  -4.00000e-01 -1.02000e+00 -3.90000e+00  4.95000e+00  3.90000e+00
  -1.68000e+00  5.00000e+00 -2.99000e+00 -1.20000e+00  3.70000e-01
   2.19730e+03  2.00187e+03  9.75498e+04]]SELL[[ 1.7500000e+01  3.0000000e+00 -6.4000001e+00 -3.5000000e+00
  -1.0000000e-01  8.5900002e+00 -1.2500000e+01 -1.9000000e-01
  -4.0000001e-01 -1.0200000e+00 -3.9000001e+00  4.9499998e+00
   3.9000001e+00 -1.6799999e+00  5.0000000e+00 -2.9900000e+00
  -1.2000000e+00  3.7000000e-01 -6.0000002e-01 -9.3000001e-01
   6.2659998e+02  4.4300000e+02  1.0067631e+05]]SELL[[-6.4000001e+00 -3.5000000e+00 -1.0000000e-01  8.5900002e+00
  -1.2500000e+01 -1.9000000e-01 -4.0000001e-01 -1.0200000e+00
  -3.9000001e+00  4.9499998e+00  3.9000001e+00 -1.6799999e+00
   5.0000000e+00 -2.9900000e+00 -1.2000000e+00  3.7000000e-01
  -6.0000002e-01 -9.3000001e-01 -4.0000001e-01 -1.0300000e+00
   3.1289999e+02  2.2047000e+02  1.0121111e+05]]BUY[[-1.00000e-01  8.59000e+00 -1.25000e+01 -1.90000e-01 -4.00000e-01
  -1.02000e+00 -3.90000e+00  4.95000e+00  3.90000e+00 -1.68000e+00
   5.00000e+00 -2.99000e+00 -1.20000e+00  3.70000e-01 -6.00000e-01
  -9.30000e-01 -4.00000e-01 -1.03000e+00  2.00000e-01  3.70000e-01
   5.07222e+04  5.07932e+04  3.46580e+02]]SELL[[-1.250000e+01 -1.900000e-01 -4.000000e-01 -1.020000e+00 -3.900000e+00
   4.950000e+00  3.900000e+00 -1.680000e+00  5.000000e+00 -2.990000e+00
  -1.200000e+00  3.700000e-01 -6.000000e-01 -9.300000e-01 -4.000000e-01
  -1.030000e+00  2.000000e-01  3.700000e-01  1.400000e+00  1.220000e+00
   1.037850e+04  1.021476e+04  8.137104e+04]]SELL[[-4.00000e-01 -1.02000e+00 -3.90000e+00  4.95000e+00  3.90000e+00
  -1.68000e+00  5.00000e+00 -2.99000e+00 -1.20000e+00  3.70000e-01
  -6.00000e-01 -9.30000e-01 -4.00000e-01 -1.03000e+00  2.00000e-01
   3.70000e-01  1.40000e+00  1.22000e+00  2.00000e+00 -2.34000e+00
   2.21550e+03  2.19720e+03  9.75422e+04]]SELL[[-3.9000001e+00  4.9499998e+00  3.9000001e+00 -1.6799999e+00
   5.0000000e+00 -2.9900000e+00 -1.2000000e+00  3.7000000e-01
  -6.0000002e-01 -9.3000001e-01 -4.0000001e-01 -1.0300000e+00
   2.0000000e-01  3.7000000e-01  1.4000000e+00  1.2200000e+00
   2.0000000e+00 -2.3399999e+00  1.0000000e+00  2.2400000e+00
   6.3500000e+02  4.4392001e+02  1.0088246e+05]]SELL[[ 3.9000001e+00 -1.6799999e+00  5.0000000e+00 -2.9900000e+00
  -1.2000000e+00  3.7000000e-01 -6.0000002e-01 -9.3000001e-01
  -4.0000001e-01 -1.0300000e+00  2.0000000e-01  3.7000000e-01
   1.4000000e+00  1.2200000e+00  2.0000000e+00 -2.3399999e+00
   1.0000000e+00  2.2400000e+00  2.0999999e+00 -8.3999997e-01
   3.1960001e+02  2.2112000e+02  1.0142192e+05]]BUY[[ 5.00000e+00 -2.99000e+00 -1.20000e+00  3.70000e-01 -6.00000e-01
  -9.30000e-01 -4.00000e-01 -1.03000e+00  2.00000e-01  3.70000e-01
   1.40000e+00  1.22000e+00  2.00000e+00 -2.34000e+00  1.00000e+00
   2.24000e+00  2.10000e+00 -8.40000e-01  2.50000e+00  1.68000e+00
   5.12139e+04  5.12440e+04  2.88640e+02]]SELL[[-1.200000e+00  3.700000e-01 -6.000000e-01 -9.300000e-01 -4.000000e-01
  -1.030000e+00  2.000000e-01  3.700000e-01  1.400000e+00  1.220000e+00
   2.000000e+00 -2.340000e+00  1.000000e+00  2.240000e+00  2.100000e+00
  -8.400000e-01  2.500000e+00  1.680000e+00  7.000000e-01  6.600000e-01
   1.032960e+04  1.027916e+04  8.219054e+04]]SELL[[-6.00000e-01 -9.30000e-01 -4.00000e-01 -1.03000e+00  2.00000e-01
   3.70000e-01  1.40000e+00  1.22000e+00  2.00000e+00 -2.34000e+00
   1.00000e+00  2.24000e+00  2.10000e+00 -8.40000e-01  2.50000e+00
   1.68000e+00  7.00000e-01  6.60000e-01  1.60000e+00  1.03000e+00
   2.27080e+03  2.24490e+03  9.83051e+04]]SELL[[-4.0000001e-01 -1.0300000e+00  2.0000000e-01  3.7000000e-01
   1.4000000e+00  1.2200000e+00  2.0000000e+00 -2.3399999e+00
   1.0000000e+00  2.2400000e+00  2.0999999e+00 -8.3999997e-01
   2.5000000e+00  1.6799999e+00  6.9999999e-01  6.6000003e-01
   1.6000000e+00  1.0300000e+00  3.2000000e+00 -1.7800000e+00
   6.5520001e+02  4.4542001e+02  1.0172302e+05]]SELL[[ 2.0000000e-01  3.7000000e-01  1.4000000e+00  1.2200000e+00
   2.0000000e+00 -2.3399999e+00  1.0000000e+00  2.2400000e+00
   2.0999999e+00 -8.3999997e-01  2.5000000e+00  1.6799999e+00
   6.9999999e-01  6.6000003e-01  1.6000000e+00  1.0300000e+00
   3.2000000e+00 -1.7800000e+00 -4.9000001e+00 -9.0000004e-02
   3.2270001e+02  2.2262000e+02  1.0227333e+05]]BUY[[ 1.40000e+00  1.22000e+00  2.00000e+00 -2.34000e+00  1.00000e+00
   2.24000e+00  2.10000e+00 -8.40000e-01  2.50000e+00  1.68000e+00
   7.00000e-01  6.60000e-01  1.60000e+00  1.03000e+00  3.20000e+00
  -1.78000e+00 -4.90000e+00 -9.00000e-02 -1.10000e+00 -1.22000e+00
   5.11344e+04  5.09220e+04  3.06750e+02]]SELL[[ 2.000000e+00 -2.340000e+00  1.000000e+00  2.240000e+00  2.100000e+00
  -8.400000e-01  2.500000e+00  1.680000e+00  7.000000e-01  6.600000e-01
   1.600000e+00  1.030000e+00  3.200000e+00 -1.780000e+00 -4.900000e+00
  -9.000000e-02 -1.100000e+00 -1.220000e+00 -6.200000e+00  3.650000e+00
   1.009280e+04  1.035230e+04  8.188755e+04]]SELL[[ 1.000000e+00  2.240000e+00  2.100000e+00 -8.400000e-01  2.500000e+00
   1.680000e+00  7.000000e-01  6.600000e-01  1.600000e+00  1.030000e+00
   3.200000e+00 -1.780000e+00 -4.900000e+00 -9.000000e-02 -1.100000e+00
  -1.220000e+00 -6.200000e+00  3.650000e+00  3.300000e+00 -2.430000e+00
   2.230900e+03  2.226200e+03  9.787435e+04]]SELL[[ 2.0999999e+00 -8.3999997e-01  2.5000000e+00  1.6799999e+00
   6.9999999e-01  6.6000003e-01  1.6000000e+00  1.0300000e+00
   3.2000000e+00 -1.7800000e+00 -4.9000001e+00 -9.0000004e-02
  -1.1000000e+00 -1.2200000e+00 -6.1999998e+00  3.6500001e+00
   3.3000000e+00 -2.4300001e+00 -8.9999998e-01  2.8000000e-01
   6.3559998e+02  4.4579999e+02  1.0124881e+05]]SELL[[ 2.5000000e+00  1.6799999e+00  6.9999999e-01  6.6000003e-01
   1.6000000e+00  1.0300000e+00  3.2000000e+00 -1.7800000e+00
  -4.9000001e+00 -9.0000004e-02 -1.1000000e+00 -1.2200000e+00
  -6.1999998e+00  3.6500001e+00  3.3000000e+00 -2.4300001e+00
  -8.9999998e-01  2.8000000e-01  1.0300000e+01  1.6799999e+00
   3.2810001e+02  2.2458000e+02  1.0178951e+05]]BUY[[ 7.000000e-01  6.600000e-01  1.600000e+00  1.030000e+00  3.200000e+00
  -1.780000e+00 -4.900000e+00 -9.000000e-02 -1.100000e+00 -1.220000e+00
  -6.200000e+00  3.650000e+00  3.300000e+00 -2.430000e+00 -9.000000e-01
   2.800000e-01  1.030000e+01  1.680000e+00  4.000000e+00 -9.400000e-01
   5.180760e+04  5.076628e+04  1.789300e+02]]SELL[[ 1.600000e+00  1.030000e+00  3.200000e+00 -1.780000e+00 -4.900000e+00
  -9.000000e-02 -1.100000e+00 -1.220000e+00 -6.200000e+00  3.650000e+00
   3.300000e+00 -2.430000e+00 -9.000000e-01  2.800000e-01  1.030000e+01
   1.680000e+00  4.000000e+00 -9.400000e-01 -1.560000e+01  2.340000e+00
   1.012800e+04  1.039508e+04  8.183817e+04]]SELL[[ 3.200000e+00 -1.780000e+00 -4.900000e+00 -9.000000e-02 -1.100000e+00
  -1.220000e+00 -6.200000e+00  3.650000e+00  3.300000e+00 -2.430000e+00
  -9.000000e-01  2.800000e-01  1.030000e+01  1.680000e+00  4.000000e+00
  -9.400000e-01 -1.560000e+01  2.340000e+00  8.900000e+00 -3.830000e+00
   2.277800e+03  2.221500e+03  9.788595e+04]]SELL[[-4.9000001e+00 -9.0000004e-02 -1.1000000e+00 -1.2200000e+00
  -6.1999998e+00  3.6500001e+00  3.3000000e+00 -2.4300001e+00
  -8.9999998e-01  2.8000000e-01  1.0300000e+01  1.6799999e+00
   4.0000000e+00 -9.4000000e-01 -1.5600000e+01  2.3399999e+00
   8.8999996e+00 -3.8299999e+00  7.5999999e+00  2.7100000e+00
   6.6600000e+02  4.4972000e+02  1.0129015e+05]]SELL[[-1.1000000e+00 -1.2200000e+00 -6.1999998e+00  3.6500001e+00
   3.3000000e+00 -2.4300001e+00 -8.9999998e-01  2.8000000e-01
   1.0300000e+01  1.6799999e+00  4.0000000e+00 -9.4000000e-01
  -1.5600000e+01  2.3399999e+00  8.8999996e+00 -3.8299999e+00
   7.5999999e+00  2.7100000e+00  3.0000000e+00 -2.3399999e+00
   3.3600000e+02  2.2252000e+02  1.0184801e+05]]BUY[[-6.200000e+00  3.650000e+00  3.300000e+00 -2.430000e+00 -9.000000e-01
   2.800000e-01  1.030000e+01  1.680000e+00  4.000000e+00 -9.400000e-01
  -1.560000e+01  2.340000e+00  8.900000e+00 -3.830000e+00  7.600000e+00
   2.710000e+00  3.000000e+00 -2.340000e+00  4.900000e+00 -2.150000e+00
   5.181680e+04  5.046473e+04  3.774500e+02]]SELL[[ 3.300000e+00 -2.430000e+00 -9.000000e-01  2.800000e-01  1.030000e+01
   1.680000e+00  4.000000e+00 -9.400000e-01 -1.560000e+01  2.340000e+00
   8.900000e+00 -3.830000e+00  7.600000e+00  2.710000e+00  3.000000e+00
  -2.340000e+00  4.900000e+00 -2.150000e+00  4.200000e+00 -1.020000e+00
   1.069810e+04  1.009010e+04  8.195406e+04]]SELL[[-9.000000e-01  2.800000e-01  1.030000e+01  1.680000e+00  4.000000e+00
  -9.400000e-01 -1.560000e+01  2.340000e+00  8.900000e+00 -3.830000e+00
   7.600000e+00  2.710000e+00  3.000000e+00 -2.340000e+00  4.900000e+00
  -2.150000e+00  4.200000e+00 -1.020000e+00  0.000000e+00 -2.800000e-01
   2.415700e+03  2.190700e+03  9.813306e+04]]SELL[[ 1.0300000e+01  1.6799999e+00  4.0000000e+00 -9.4000000e-01
  -1.5600000e+01  2.3399999e+00  8.8999996e+00 -3.8299999e+00
   7.5999999e+00  2.7100000e+00  3.0000000e+00 -2.3399999e+00
   4.9000001e+00 -2.1500001e+00  4.1999998e+00 -1.0200000e+00
   0.0000000e+00 -2.8000000e-01 -4.0000001e-01  9.3000001e-01
   6.8940002e+02  4.4000000e+02  1.0161112e+05]]SELL[[ 4.0000000e+00 -9.4000000e-01 -1.5600000e+01  2.3399999e+00
   8.8999996e+00 -3.8299999e+00  7.5999999e+00  2.7100000e+00
   3.0000000e+00 -2.3399999e+00  4.9000001e+00 -2.1500001e+00
   4.1999998e+00 -1.0200000e+00  0.0000000e+00 -2.8000000e-01
  -4.0000001e-01  9.3000001e-01  4.1999998e+00  6.4999998e-01
   3.4889999e+02  2.2064999e+02  1.0217582e+05]]BUY[[-1.56000e+01  2.34000e+00  8.90000e+00 -3.83000e+00  7.60000e+00
   2.71000e+00  3.00000e+00 -2.34000e+00  4.90000e+00 -2.15000e+00
   4.20000e+00 -1.02000e+00  0.00000e+00 -2.80000e-01 -4.00000e-01
   9.30000e-01  4.20000e+00  6.50000e-01  3.50000e+00  7.50000e-01
   5.18028e+04  5.13648e+04  2.66270e+02]]SELL[[ 8.900000e+00 -3.830000e+00  7.600000e+00  2.710000e+00  3.000000e+00
  -2.340000e+00  4.900000e+00 -2.150000e+00  4.200000e+00 -1.020000e+00
   0.000000e+00 -2.800000e-01 -4.000000e-01  9.300000e-01  4.200000e+00
   6.500000e-01  3.500000e+00  7.500000e-01  4.500000e+00 -1.590000e+00
   1.070700e+04  1.033107e+04  8.245607e+04]]SELL[[ 7.600000e+00  2.710000e+00  3.000000e+00 -2.340000e+00  4.900000e+00
  -2.150000e+00  4.200000e+00 -1.020000e+00  0.000000e+00 -2.800000e-01
  -4.000000e-01  9.300000e-01  4.200000e+00  6.500000e-01  3.500000e+00
   7.500000e-01  4.500000e+00 -1.590000e+00  2.500000e+00 -3.700000e-01
   2.156400e+03  2.194400e+03  9.915464e+04]]SELL[[ 3.0000000e+00 -2.3399999e+00  4.9000001e+00 -2.1500001e+00
   4.1999998e+00 -1.0200000e+00  0.0000000e+00 -2.8000000e-01
  -4.0000001e-01  9.3000001e-01  4.1999998e+00  6.4999998e-01
   3.5000000e+00  7.5000000e-01  4.5000000e+00 -1.5900000e+00
   2.5000000e+00 -3.7000000e-01 -4.3000002e+00  0.0000000e+00
   7.1020001e+02  4.3888000e+02  1.0234776e+05]]SELL[[ 4.900000e+00 -2.150000e+00  4.200000e+00 -1.020000e+00  0.000000e+00
  -2.800000e-01 -4.000000e-01  9.300000e-01  4.200000e+00  6.500000e-01
   3.500000e+00  7.500000e-01  4.500000e+00 -1.590000e+00  2.500000e+00
  -3.700000e-01 -4.300000e+00  0.000000e+00  3.300000e+00  1.680000e+00
   3.584000e+02  2.211200e+02  1.029223e+05]]BUY[[ 4.200000e+00 -1.020000e+00  0.000000e+00 -2.800000e-01 -4.000000e-01
   9.300000e-01  4.200000e+00  6.500000e-01  3.500000e+00  7.500000e-01
   4.500000e+00 -1.590000e+00  2.500000e+00 -3.700000e-01 -4.300000e+00
   0.000000e+00  3.300000e+00  1.680000e+00  4.400000e+00  9.400000e-01
   5.224320e+04  5.173998e+04  3.712600e+02]]SELL[[ 0.000000e+00 -2.800000e-01 -4.000000e-01  9.300000e-01  4.200000e+00
   6.500000e-01  3.500000e+00  7.500000e-01  4.500000e+00 -1.590000e+00
   2.500000e+00 -3.700000e-01 -4.300000e+00  0.000000e+00  3.300000e+00
   1.680000e+00  4.400000e+00  9.400000e-01 -2.300000e+00 -1.000000e+01
   1.045450e+04  9.966820e+03  8.339642e+04]]SELL[[-4.000000e-01  9.300000e-01  4.200000e+00  6.500000e-01  3.500000e+00
   7.500000e-01  4.500000e+00 -1.590000e+00  2.500000e+00 -3.700000e-01
  -4.300000e+00  0.000000e+00  3.300000e+00  1.680000e+00  4.400000e+00
   9.400000e-01 -2.300000e+00 -1.000000e+01 -2.520000e+01  1.770000e+00
   2.011800e+03  2.138300e+03  9.953414e+04]]SELL[[ 4.1999998e+00  6.4999998e-01  3.5000000e+00  7.5000000e-01
   4.5000000e+00 -1.5900000e+00  2.5000000e+00 -3.7000000e-01
  -4.3000002e+00  0.0000000e+00  3.3000000e+00  1.6799999e+00
   4.4000001e+00  9.4000000e-01 -2.3000000e+00 -1.0000000e+01
  -2.5200001e+01  1.7700000e+00 -2.6900000e+01  7.0999999e+00
   6.1679999e+02  4.4185999e+02  1.0258598e+05]]SELL[[ 3.5000000e+00  7.5000000e-01  4.5000000e+00 -1.5900000e+00
   2.5000000e+00 -3.7000000e-01 -4.3000002e+00  0.0000000e+00
   3.3000000e+00  1.6799999e+00  4.4000001e+00  9.4000000e-01
  -2.3000000e+00 -1.0000000e+01 -2.5200001e+01  1.7700000e+00
  -2.6900000e+01  7.0999999e+00  4.1999998e+00  5.1399999e+00
   3.1260001e+02  2.2607001e+02  1.0311531e+05]]BUY[[ 4.500000e+00 -1.590000e+00  2.500000e+00 -3.700000e-01 -4.300000e+00
   0.000000e+00  3.300000e+00  1.680000e+00  4.400000e+00  9.400000e-01
  -2.300000e+00 -1.000000e+01 -2.520000e+01  1.770000e+00 -2.690000e+01
   7.100000e+00  4.200000e+00  5.140000e+00 -4.400000e+00  8.500000e-01
   5.085300e+04  5.196468e+04  3.049500e+02]]SELL[[ 2.500000e+00 -3.700000e-01 -4.300000e+00  0.000000e+00  3.300000e+00
   1.680000e+00  4.400000e+00  9.400000e-01 -2.300000e+00 -1.000000e+01
  -2.520000e+01  1.770000e+00 -2.690000e+01  7.100000e+00  4.200000e+00
   5.140000e+00 -4.400000e+00  8.500000e-01 -2.100000e+00  1.020000e+00
   1.010130e+04  1.048524e+04  8.251371e+04]]SELL[[-4.300000e+00  0.000000e+00  3.300000e+00  1.680000e+00  4.400000e+00
   9.400000e-01 -2.300000e+00 -1.000000e+01 -2.520000e+01  1.770000e+00
  -2.690000e+01  7.100000e+00  4.200000e+00  5.140000e+00 -4.400000e+00
   8.500000e-01 -2.100000e+00  1.020000e+00 -2.000000e+00  1.900000e-01
   2.128700e+03  2.281300e+03  9.867815e+04]]SELL[[ 3.3000000e+00  1.6799999e+00  4.4000001e+00  9.4000000e-01
  -2.3000000e+00 -1.0000000e+01 -2.5200001e+01  1.7700000e+00
  -2.6900000e+01  7.0999999e+00  4.1999998e+00  5.1399999e+00
  -4.4000001e+00  8.5000002e-01 -2.0999999e+00  1.0200000e+00
  -2.0000000e+00  1.9000000e-01  1.0000000e+00  2.3399999e+00
   6.1020001e+02  4.6094000e+02  1.0202369e+05]]SELL[[ 4.4000001e+00  9.4000000e-01 -2.3000000e+00 -1.0000000e+01
  -2.5200001e+01  1.7700000e+00 -2.6900000e+01  7.0999999e+00
   4.1999998e+00  5.1399999e+00 -4.4000001e+00  8.5000002e-01
  -2.0999999e+00  1.0200000e+00 -2.0000000e+00  1.9000000e-01
   1.0000000e+00  2.3399999e+00  2.9000001e+00 -3.8000000e-01
   3.0800000e+02  2.3009000e+02  1.0255926e+05]]BUY[[-2.300000e+00 -1.000000e+01 -2.520000e+01  1.770000e+00 -2.690000e+01
   7.100000e+00  4.200000e+00  5.140000e+00 -4.400000e+00  8.500000e-01
  -2.100000e+00  1.020000e+00 -2.000000e+00  1.900000e-01  1.000000e+00
   2.340000e+00  2.900000e+00 -3.800000e-01 -8.800000e+00  2.800000e-01
   4.996640e+04  5.137251e+04  3.512800e+02]]SELL[[-2.520000e+01  1.770000e+00 -2.690000e+01  7.100000e+00  4.200000e+00
   5.140000e+00 -4.400000e+00  8.500000e-01 -2.100000e+00  1.020000e+00
  -2.000000e+00  1.900000e-01  1.000000e+00  2.340000e+00  2.900000e+00
  -3.800000e-01 -8.800000e+00  2.800000e-01 -3.700000e+00 -5.600000e-01
   1.004700e+04  1.034145e+04  8.115074e+04]]SELL[[-2.69000e+01  7.10000e+00  4.20000e+00  5.14000e+00 -4.40000e+00
   8.50000e-01 -2.10000e+00  1.02000e+00 -2.00000e+00  1.90000e-01
   1.00000e+00  2.34000e+00  2.90000e+00 -3.80000e-01 -8.80000e+00
   2.80000e-01 -3.70000e+00 -5.60000e-01 -6.10000e+00  3.93000e+00
   2.02580e+03  2.10366e+03  9.74024e+04]]SELL[[ 4.1999998e+00  5.1399999e+00 -4.4000001e+00  8.5000002e-01
  -2.0999999e+00  1.0200000e+00 -2.0000000e+00  1.9000000e-01
   1.0000000e+00  2.3399999e+00  2.9000001e+00 -3.8000000e-01
  -8.8000002e+00  2.8000000e-01 -3.7000000e+00 -5.6000000e-01
  -6.0999999e+00  3.9300001e+00  5.3000002e+00  6.4999998e-01
   5.8940002e+02  4.6878000e+02  1.0048558e+05]]SELL[[-4.4000001e+00  8.5000002e-01 -2.0999999e+00  1.0200000e+00
  -2.0000000e+00  1.9000000e-01  1.0000000e+00  2.3399999e+00
   2.9000001e+00 -3.8000000e-01 -8.8000002e+00  2.8000000e-01
  -3.7000000e+00 -5.6000000e-01 -6.0999999e+00  3.9300001e+00
   5.3000002e+00  6.4999998e-01  9.3999996e+00  0.0000000e+00
   3.0410001e+02  2.3439000e+02  1.0101467e+05]]BUY[[-2.100000e+00  1.020000e+00 -2.000000e+00  1.900000e-01  1.000000e+00
   2.340000e+00  2.900000e+00 -3.800000e-01 -8.800000e+00  2.800000e-01
  -3.700000e+00 -5.600000e-01 -6.100000e+00  3.930000e+00  5.300000e+00
   6.500000e-01  9.400000e+00  0.000000e+00  5.900000e+00  1.030000e+00
   5.177000e+04  5.085072e+04  1.402200e+02]]SELL[[-2.000000e+00  1.900000e-01  1.000000e+00  2.340000e+00  2.900000e+00
  -3.800000e-01 -8.800000e+00  2.800000e-01 -3.700000e+00 -5.600000e-01
  -6.100000e+00  3.930000e+00  5.300000e+00  6.500000e-01  9.400000e+00
   0.000000e+00  5.900000e+00  1.030000e+00  2.000000e+00  1.120000e+00
   1.060800e+04  1.040776e+04  8.186246e+04]]SELL[[ 1.000000e+00  2.340000e+00  2.900000e+00 -3.800000e-01 -8.800000e+00
   2.800000e-01 -3.700000e+00 -5.600000e-01 -6.100000e+00  3.930000e+00
   5.300000e+00  6.500000e-01  9.400000e+00  0.000000e+00  5.900000e+00
   1.030000e+00  2.000000e+00  1.120000e+00  4.800000e+00  4.700000e-01
   2.217600e+03  2.133090e+03  9.856536e+04]]SELL[[ 2.9000001e+00 -3.8000000e-01 -8.8000002e+00  2.8000000e-01
  -3.7000000e+00 -5.6000000e-01 -6.0999999e+00  3.9300001e+00
   5.3000002e+00  6.4999998e-01  9.3999996e+00  0.0000000e+00
   5.9000001e+00  1.0300000e+00  2.0000000e+00  1.1200000e+00
   4.8000002e+00  4.7000000e-01  3.3000000e+00 -2.1500001e+00
   6.4020001e+02  4.6972000e+02  1.0180843e+05]]SELL[[-8.8000002e+00  2.8000000e-01 -3.7000000e+00 -5.6000000e-01
  -6.0999999e+00  3.9300001e+00  5.3000002e+00  6.4999998e-01
   9.3999996e+00  0.0000000e+00  5.9000001e+00  1.0300000e+00
   2.0000000e+00  1.1200000e+00  4.8000002e+00  4.7000000e-01
   3.3000000e+00 -2.1500001e+00 -6.5999999e+00  9.0000004e-02
   3.1350000e+02  2.3495000e+02  1.0236339e+05]]BUY[[-3.700000e+00 -5.600000e-01 -6.100000e+00  3.930000e+00  5.300000e+00
   6.500000e-01  9.400000e+00  0.000000e+00  5.900000e+00  1.030000e+00
   2.000000e+00  1.120000e+00  4.800000e+00  4.700000e-01  3.300000e+00
  -2.150000e+00 -6.600000e+00  9.000000e-02  3.300000e+00  1.900000e-01
   5.195520e+04  5.126052e+04  2.787400e+02]]SELL[[-6.100000e+00  3.930000e+00  5.300000e+00  6.500000e-01  9.400000e+00
   0.000000e+00  5.900000e+00  1.030000e+00  2.000000e+00  1.120000e+00
   4.800000e+00  4.700000e-01  3.300000e+00 -2.150000e+00 -6.600000e+00
   9.000000e-02  3.300000e+00  1.900000e-01  2.900000e+00 -3.700000e-01
   1.055010e+04  1.032988e+04  8.269390e+04]]SELL[[ 5.300000e+00  6.500000e-01  9.400000e+00  0.000000e+00  5.900000e+00
   1.030000e+00  2.000000e+00  1.120000e+00  4.800000e+00  4.700000e-01
   3.300000e+00 -2.150000e+00 -6.600000e+00  9.000000e-02  3.300000e+00
   1.900000e-01  2.900000e+00 -3.700000e-01  3.600000e+00 -1.000000e-01
   2.263100e+03  2.112030e+03  9.922305e+04]]SELL[[ 9.3999996e+00  0.0000000e+00  5.9000001e+00  1.0300000e+00
   2.0000000e+00  1.1200000e+00  4.8000002e+00  4.7000000e-01
   3.3000000e+00 -2.1500001e+00 -6.5999999e+00  9.0000004e-02
   3.3000000e+00  1.9000000e-01  2.9000001e+00 -3.7000000e-01
   3.5999999e+00 -1.0000000e-01  3.3000000e+00 -2.8000000e-01
   6.5320001e+02  4.6878000e+02  1.0248224e+05]]SELL[[ 5.9000001e+00  1.0300000e+00  2.0000000e+00  1.1200000e+00
   4.8000002e+00  4.7000000e-01  3.3000000e+00 -2.1500001e+00
  -6.5999999e+00  9.0000004e-02  3.3000000e+00  1.9000000e-01
   2.9000001e+00 -3.7000000e-01  3.5999999e+00 -1.0000000e-01
   3.3000000e+00 -2.8000000e-01 -2.7000000e+00  2.8000000e-01
   3.2389999e+02  2.3467000e+02  1.0304323e+05]]BUY[[ 2.00000e+00  1.12000e+00  4.80000e+00  4.70000e-01  3.30000e+00
  -2.15000e+00 -6.60000e+00  9.00000e-02  3.30000e+00  1.90000e-01
   2.90000e+00 -3.70000e-01  3.60000e+00 -1.00000e-01  3.30000e+00
  -2.80000e-01 -2.70000e+00  2.80000e-01 -6.90000e+00  0.00000e+00
   5.07200e+04  5.16274e+04  1.50400e+02]]SELL[[ 4.800000e+00  4.700000e-01  3.300000e+00 -2.150000e+00 -6.600000e+00
   9.000000e-02  3.300000e+00  1.900000e-01  2.900000e+00 -3.700000e-01
   3.600000e+00 -1.000000e-01  3.300000e+00 -2.800000e-01 -2.700000e+00
   2.800000e-01 -6.900000e+00  0.000000e+00  7.000000e-01  1.780000e+00
   1.016640e+04  1.040380e+04  8.202832e+04]]SELL[[ 3.300000e+00 -2.150000e+00 -6.600000e+00  9.000000e-02  3.300000e+00
   1.900000e-01  2.900000e+00 -3.700000e-01  3.600000e+00 -1.000000e-01
   3.300000e+00 -2.800000e-01 -2.700000e+00  2.800000e-01 -6.900000e+00
   0.000000e+00  7.000000e-01  1.780000e+00  1.100000e+00 -1.310000e+00
   2.231600e+03  2.116260e+03  9.824657e+04]]SELL[[-6.5999999e+00  9.0000004e-02  3.3000000e+00  1.9000000e-01
   2.9000001e+00 -3.7000000e-01  3.5999999e+00 -1.0000000e-01
   3.3000000e+00 -2.8000000e-01 -2.7000000e+00  2.8000000e-01
  -6.9000001e+00  0.0000000e+00  6.9999999e-01  1.7800000e+00
   1.1000000e+00 -1.3099999e+00  3.4000001e+00  1.1200000e+00
   6.4440002e+02  4.7251999e+02  1.0148655e+05]]SELL[[ 3.3000000e+00  1.9000000e-01  2.9000001e+00 -3.7000000e-01
   3.5999999e+00 -1.0000000e-01  3.3000000e+00 -2.8000000e-01
  -2.7000000e+00  2.8000000e-01 -6.9000001e+00  0.0000000e+00
   6.9999999e-01  1.7800000e+00  1.1000000e+00 -1.3099999e+00
   3.4000001e+00  1.1200000e+00 -8.0000001e-01 -9.3000001e-01
   3.2139999e+02  2.3533000e+02  1.0204501e+05]]BUY[[ 2.900000e+00 -3.700000e-01  3.600000e+00 -1.000000e-01  3.300000e+00
  -2.800000e-01 -2.700000e+00  2.800000e-01 -6.900000e+00  0.000000e+00
   7.000000e-01  1.780000e+00  1.100000e+00 -1.310000e+00  3.400000e+00
   1.120000e+00 -8.000000e-01 -9.300000e-01  1.570000e+01  9.000000e-02
   5.359890e+04  5.108614e+04  4.325300e+02]]SELL[[ 3.600000e+00 -1.000000e-01  3.300000e+00 -2.800000e-01 -2.700000e+00
   2.800000e-01 -6.900000e+00  0.000000e+00  7.000000e-01  1.780000e+00
   1.100000e+00 -1.310000e+00  3.400000e+00  1.120000e+00 -8.000000e-01
  -9.300000e-01  1.570000e+01  9.000000e-02  0.000000e+00 -9.300000e-01
   1.078720e+04  1.031756e+04  8.397189e+04]]SELL[[ 3.3000000e+00 -2.8000000e-01 -2.7000000e+00  2.8000000e-01
  -6.9000001e+00  0.0000000e+00  6.9999999e-01  1.7800000e+00
   1.1000000e+00 -1.3099999e+00  3.4000001e+00  1.1200000e+00
  -8.0000001e-01 -9.3000001e-01  1.5700000e+01  9.0000004e-02
   0.0000000e+00 -9.3000001e-01 -4.6999998e+00  3.7000000e-01
   2.3268000e+03  2.1137400e+03  1.0060654e+05]]SELL[[-2.7000000e+00  2.8000000e-01 -6.9000001e+00  0.0000000e+00
   6.9999999e-01  1.7800000e+00  1.1000000e+00 -1.3099999e+00
   3.4000001e+00  1.1200000e+00 -8.0000001e-01 -9.3000001e-01
   1.5700000e+01  9.0000004e-02  0.0000000e+00 -9.3000001e-01
  -4.6999998e+00  3.7000000e-01 -6.6999998e+00  9.0000004e-02
   6.5140002e+02  4.6989999e+02  1.0391256e+05]]SELL[[-6.9000001e+00  0.0000000e+00  6.9999999e-01  1.7800000e+00
   1.1000000e+00 -1.3099999e+00  3.4000001e+00  1.1200000e+00
  -8.0000001e-01 -9.3000001e-01  1.5700000e+01  9.0000004e-02
   0.0000000e+00 -9.3000001e-01 -4.6999998e+00  3.7000000e-01
  -6.6999998e+00  9.0000004e-02  1.6000000e+00  2.8000000e-01
   3.2729999e+02  2.3523000e+02  1.0447321e+05]]BUY[[ 7.000000e-01  1.780000e+00  1.100000e+00 -1.310000e+00  3.400000e+00
   1.120000e+00 -8.000000e-01 -9.300000e-01  1.570000e+01  9.000000e-02
   0.000000e+00 -9.300000e-01 -4.700000e+00  3.700000e-01 -6.700000e+00
   9.000000e-02  1.600000e+00  2.800000e-01 -2.500000e+00 -1.590000e+00
   5.196800e+04  5.210172e+04  2.114500e+02]]SELL[[ 1.100000e+00 -1.310000e+00  3.400000e+00  1.120000e+00 -8.000000e-01
  -9.300000e-01  1.570000e+01  9.000000e-02  0.000000e+00 -9.300000e-01
  -4.700000e+00  3.700000e-01 -6.700000e+00  9.000000e-02  1.600000e+00
   2.800000e-01 -2.500000e+00 -1.590000e+00 -1.000000e-01  0.000000e+00
   1.039040e+04  1.051380e+04  8.337377e+04]]SELL[[ 3.400000e+00  1.120000e+00 -8.000000e-01 -9.300000e-01  1.570000e+01
   9.000000e-02  0.000000e+00 -9.300000e-01 -4.700000e+00  3.700000e-01
  -6.700000e+00  9.000000e-02  1.600000e+00  2.800000e-01 -2.500000e+00
  -1.590000e+00 -1.000000e-01  0.000000e+00 -4.300000e+00  6.600000e-01
   2.242800e+03  2.108700e+03  9.990231e+04]]SELL[[-8.0000001e-01 -9.3000001e-01  1.5700000e+01  9.0000004e-02
   0.0000000e+00 -9.3000001e-01 -4.6999998e+00  3.7000000e-01
  -6.6999998e+00  9.0000004e-02  1.6000000e+00  2.8000000e-01
  -2.5000000e+00 -1.5900000e+00 -1.0000000e-01  0.0000000e+00
  -4.3000002e+00  6.6000003e-01  2.8000000e+00 -2.9000001e+00
   6.4640002e+02  4.6279999e+02  1.0314441e+05]]SELL[[ 1.5700000e+01  9.0000004e-02  0.0000000e+00 -9.3000001e-01
  -4.6999998e+00  3.7000000e-01 -6.6999998e+00  9.0000004e-02
   1.6000000e+00  2.8000000e-01 -2.5000000e+00 -1.5900000e+00
  -1.0000000e-01  0.0000000e+00 -4.3000002e+00  6.6000003e-01
   2.8000000e+00 -2.9000001e+00 -6.9999999e-01  5.5200000e+00
   3.2250000e+02  2.3692000e+02  1.0369901e+05]]BUY[[ 0.000000e+00 -9.300000e-01 -4.700000e+00  3.700000e-01 -6.700000e+00
   9.000000e-02  1.600000e+00  2.800000e-01 -2.500000e+00 -1.590000e+00
  -1.000000e-01  0.000000e+00 -4.300000e+00  6.600000e-01  2.800000e+00
  -2.900000e+00 -7.000000e-01  5.520000e+00  2.800000e+00  1.210000e+00
   1.047466e+05  2.381300e+02  1.765100e+02]]SELL[[-4.700000e+00  3.700000e-01 -6.700000e+00  9.000000e-02  1.600000e+00
   2.800000e-01 -2.500000e+00 -1.590000e+00 -1.000000e-01  0.000000e+00
  -4.300000e+00  6.600000e-01  2.800000e+00 -2.900000e+00 -7.000000e-01
   5.520000e+00  2.800000e+00  1.210000e+00  5.000000e+00  9.000000e-02
   2.146950e+04  2.382200e+02  8.377861e+04]]SELL[[-6.6999998e+00  9.0000004e-02  1.6000000e+00  2.8000000e-01
  -2.5000000e+00 -1.5900000e+00 -1.0000000e-01  0.0000000e+00
  -4.3000002e+00  6.6000003e-01  2.8000000e+00 -2.9000001e+00
  -6.9999999e-01  5.5200000e+00  2.8000000e+00  1.2100000e+00
   5.0000000e+00  9.0000004e-02 -4.3000002e+00  4.7000000e-01
   4.2380000e+03  2.3869000e+02  1.0095421e+05]]SELL[[ 1.6000000e+00  2.8000000e-01 -2.5000000e+00 -1.5900000e+00
  -1.0000000e-01  0.0000000e+00 -4.3000002e+00  6.6000003e-01
   2.8000000e+00 -2.9000001e+00 -6.9999999e-01  5.5200000e+00
   2.8000000e+00  1.2100000e+00  5.0000000e+00  9.0000004e-02
  -4.3000002e+00  4.7000000e-01  2.0000000e+00 -2.0500000e+00
   9.8400000e+02  2.3664000e+02  1.0421421e+05]]SELL[[-2.5000000e+00 -1.5900000e+00 -1.0000000e-01  0.0000000e+00
  -4.3000002e+00  6.6000003e-01  2.8000000e+00 -2.9000001e+00
  -6.9999999e-01  5.5200000e+00  2.8000000e+00  1.2100000e+00
   5.0000000e+00  9.0000004e-02 -4.3000002e+00  4.7000000e-01
   2.0000000e+00 -2.0500000e+00 -3.5999999e+00  3.1700001e+00
   3.2439999e+02  2.3981000e+02  1.0487021e+05]]BUY[[-1.000000e-01  0.000000e+00 -4.300000e+00  6.600000e-01  2.800000e+00
  -2.900000e+00 -7.000000e-01  5.520000e+00  2.800000e+00  1.210000e+00
   5.000000e+00  9.000000e-02 -4.300000e+00  4.700000e-01  2.000000e+00
  -2.050000e+00 -3.600000e+00  3.170000e+00  2.030000e+01  1.500000e+00
   1.116828e+05  2.413100e+02  8.901000e+01]]SELL[[-4.300000e+00  6.600000e-01  2.800000e+00 -2.900000e+00 -7.000000e-01
   5.520000e+00  2.800000e+00  1.210000e+00  5.000000e+00  9.000000e-02
  -4.300000e+00  4.700000e-01  2.000000e+00 -2.050000e+00 -3.600000e+00
   3.170000e+00  2.030000e+01  1.500000e+00 -1.310000e+01 -1.000000e-01
   2.155400e+04  2.412100e+02  8.936631e+04]]SELL[[ 2.8000000e+00 -2.9000001e+00 -6.9999999e-01  5.5200000e+00
   2.8000000e+00  1.2100000e+00  5.0000000e+00  9.0000004e-02
  -4.3000002e+00  4.7000000e-01  2.0000000e+00 -2.0500000e+00
  -3.5999999e+00  3.1700001e+00  2.0299999e+01  1.5000000e+00
  -1.3100000e+01 -1.0000000e-01  2.5000000e+00  0.0000000e+00
   4.3432998e+03  2.4121001e+02  1.0660951e+05]]SELL[[-6.9999999e-01  5.5200000e+00  2.8000000e+00  1.2100000e+00
   5.0000000e+00  9.0000004e-02 -4.3000002e+00  4.7000000e-01
   2.0000000e+00 -2.0500000e+00 -3.5999999e+00  3.1700001e+00
   2.0299999e+01  1.5000000e+00 -1.3100000e+01 -1.0000000e-01
   2.5000000e+00  0.0000000e+00  6.6999998e+00  1.0000000e-01
   1.0224000e+03  2.4131000e+02  1.0995051e+05]]SELL[[ 2.8000000e+00  1.2100000e+00  5.0000000e+00  9.0000004e-02
  -4.3000002e+00  4.7000000e-01  2.0000000e+00 -2.0500000e+00
  -3.5999999e+00  3.1700001e+00  2.0299999e+01  1.5000000e+00
  -1.3100000e+01 -1.0000000e-01  2.5000000e+00  0.0000000e+00
   6.6999998e+00  1.0000000e-01  4.4000001e+00  5.6000000e-01
   3.4520001e+02  2.4187000e+02  1.1063211e+05]]BUY[[ 5.000000e+00  9.000000e-02 -4.300000e+00  4.700000e-01  2.000000e+00
  -2.050000e+00 -3.600000e+00  3.170000e+00  2.030000e+01  1.500000e+00
  -1.310000e+01 -1.000000e-01  2.500000e+00  0.000000e+00  6.700000e+00
   1.000000e-01  4.400000e+00  5.600000e-01  6.500000e+00  1.030000e+00
   1.009379e+05  1.190210e+04  2.951500e+02]]SELL[[-4.300000e+00  4.700000e-01  2.000000e+00 -2.050000e+00 -3.600000e+00
   3.170000e+00  2.030000e+01  1.500000e+00 -1.310000e+01 -1.000000e-01
   2.500000e+00  0.000000e+00  6.700000e+00  1.000000e-01  4.400000e+00
   5.600000e-01  6.500000e+00  1.030000e+00  8.100000e+00  2.800000e-01
   2.086840e+04  2.431800e+03  9.030755e+04]]SELL[[ 2.0000000e+00 -2.0500000e+00 -3.5999999e+00  3.1700001e+00
   2.0299999e+01  1.5000000e+00 -1.3100000e+01 -1.0000000e-01
   2.5000000e+00  0.0000000e+00  6.6999998e+00  1.0000000e-01
   4.4000001e+00  5.6000000e-01  6.5000000e+00  1.0300000e+00
   8.1000004e+00  2.8000000e-01 -1.0000000e-01 -1.0300000e+00
   4.3163999e+03  4.8429999e+02  1.0880379e+05]]SELL[[-3.5999999e+00  3.1700001e+00  2.0299999e+01  1.5000000e+00
  -1.3100000e+01 -1.0000000e-01  2.5000000e+00  0.0000000e+00
   6.6999998e+00  1.0000000e-01  4.4000001e+00  5.6000000e-01
   6.5000000e+00  1.0300000e+00  8.1000004e+00  2.8000000e-01
  -1.0000000e-01 -1.0300000e+00  6.0000002e-01  4.8600001e+00
   1.0809000e+03  2.4700999e+02  1.1228324e+05]]SELL[[ 2.0299999e+01  1.5000000e+00 -1.3100000e+01 -1.0000000e-01
   2.5000000e+00  0.0000000e+00  6.6999998e+00  1.0000000e-01
   4.4000001e+00  5.6000000e-01  6.5000000e+00  1.0300000e+00
   8.1000004e+00  2.8000000e-01 -1.0000000e-01 -1.0300000e+00
   6.0000002e-01  4.8600001e+00  4.4000001e+00 -7.5000000e-01
   3.6470001e+02  2.4625999e+02  1.1300384e+05]]BUY[[-1.310000e+01 -1.000000e-01  2.500000e+00  0.000000e+00  6.700000e+00
   1.000000e-01  4.400000e+00  5.600000e-01  6.500000e+00  1.030000e+00
   8.100000e+00  2.800000e-01 -1.000000e-01 -1.030000e+00  6.000000e-01
   4.860000e+00  4.400000e+00 -7.500000e-01  4.000000e-01 -9.000000e-02
   7.922670e+04  3.421763e+04  2.447600e+02]]SELL[[ 2.500000e+00  0.000000e+00  6.700000e+00  1.000000e-01  4.400000e+00
   5.600000e-01  6.500000e+00  1.030000e+00  8.100000e+00  2.800000e-01
  -1.000000e-01 -1.030000e+00  6.000000e-01  4.860000e+00  4.400000e+00
  -7.500000e-01  4.000000e-01 -9.000000e-02 -2.000000e+00 -2.530000e+00
   1.597640e+04  6.821920e+03  9.073193e+04]]SELL[[ 6.6999998e+00  1.0000000e-01  4.4000001e+00  5.6000000e-01
   6.5000000e+00  1.0300000e+00  8.1000004e+00  2.8000000e-01
  -1.0000000e-01 -1.0300000e+00  6.0000002e-01  4.8600001e+00
   4.4000001e+00 -7.5000000e-01  4.0000001e-01 -9.0000004e-02
  -2.0000000e+00 -2.5300000e+00 -4.1999998e+00  4.7000000e-01
   3.2301001e+03  1.4646600e+03  1.0880051e+05]]SELL[[ 4.4000001e+00  5.6000000e-01  6.5000000e+00  1.0300000e+00
   8.1000004e+00  2.8000000e-01 -1.0000000e-01 -1.0300000e+00
   6.0000002e-01  4.8600001e+00  4.4000001e+00 -7.5000000e-01
   4.0000001e-01 -9.0000004e-02 -2.0000000e+00 -2.5300000e+00
  -4.1999998e+00  4.7000000e-01 -1.0000000e+00 -5.6000000e-01
   7.1579999e+02  4.8710001e+02  1.1228925e+05]]SELL[[ 6.500000e+00  1.030000e+00  8.100000e+00  2.800000e-01 -1.000000e-01
  -1.030000e+00  6.000000e-01  4.860000e+00  4.400000e+00 -7.500000e-01
   4.000000e-01 -9.000000e-02 -2.000000e+00 -2.530000e+00 -4.200000e+00
   4.700000e-01 -1.000000e+00 -5.600000e-01  2.300000e+00  9.000000e-02
   3.602000e+02  2.436400e+02  1.128907e+05]]BUY[[ 8.100000e+00  2.800000e-01 -1.000000e-01 -1.030000e+00  6.000000e-01
   4.860000e+00  4.400000e+00 -7.500000e-01  4.000000e-01 -9.000000e-02
  -2.000000e+00 -2.530000e+00 -4.200000e+00  4.700000e-01 -1.000000e+00
  -5.600000e-01  2.300000e+00  9.000000e-02 -9.000000e-01 -4.600000e-01
   7.078210e+04  4.207014e+04  3.854200e+02]]SELL[[-1.000000e-01 -1.030000e+00  6.000000e-01  4.860000e+00  4.400000e+00
  -7.500000e-01  4.000000e-01 -9.000000e-02 -2.000000e+00 -2.530000e+00
  -4.200000e+00  4.700000e-01 -1.000000e+00 -5.600000e-01  2.300000e+00
   9.000000e-02 -9.000000e-01 -4.600000e-01  1.100000e+00 -2.530000e+00
   1.441600e+04  8.422750e+03  9.035436e+04]]SELL[[ 6.0000002e-01  4.8600001e+00  4.4000001e+00 -7.5000000e-01
   4.0000001e-01 -9.0000004e-02 -2.0000000e+00 -2.5300000e+00
  -4.1999998e+00  4.7000000e-01 -1.0000000e+00 -5.6000000e-01
   2.3000000e+00  9.0000004e-02 -8.9999998e-01 -4.6000001e-01
   1.1000000e+00 -2.5300000e+00  2.3000000e+00 -3.1700001e+00
   2.9016001e+03  1.6623600e+03  1.0862536e+05]]SELL[[ 4.4000001e+00 -7.5000000e-01  4.0000001e-01 -9.0000004e-02
  -2.0000000e+00 -2.5300000e+00 -4.1999998e+00  4.7000000e-01
  -1.0000000e+00 -5.6000000e-01  2.3000000e+00  9.0000004e-02
  -8.9999998e-01 -4.6000001e-01  1.1000000e+00 -2.5300000e+00
   2.3000000e+00 -3.1700001e+00 -5.4000001e+00  1.0200000e+00
   7.1459998e+02  4.7700000e+02  1.1198896e+05]]SELL[[ 4.0000001e-01 -9.0000004e-02 -2.0000000e+00 -2.5300000e+00
  -4.1999998e+00  4.7000000e-01 -1.0000000e+00 -5.6000000e-01
   2.3000000e+00  9.0000004e-02 -8.9999998e-01 -4.6000001e-01
   1.1000000e+00 -2.5300000e+00  2.3000000e+00 -3.1700001e+00
  -5.4000001e+00  1.0200000e+00  6.0000002e-01  2.5300000e+00
   3.5789999e+02  2.4103000e+02  1.1258476e+05]]BUY[[-2.00000e+00 -2.53000e+00 -4.20000e+00  4.70000e-01 -1.00000e+00
  -5.60000e-01  2.30000e+00  9.00000e-02 -9.00000e-01 -4.60000e-01
   1.10000e+00 -2.53000e+00  2.30000e+00 -3.17000e+00 -5.40000e+00
   1.02000e+00  6.00000e-01  2.53000e+00  3.50000e+00 -4.70000e-01
   6.64976e+04  4.69092e+04  3.29240e+02]]SELL[[-4.20000e+00  4.70000e-01 -1.00000e+00 -5.60000e-01  2.30000e+00
   9.00000e-02 -9.00000e-01 -4.60000e-01  1.10000e+00 -2.53000e+00
   2.30000e+00 -3.17000e+00 -5.40000e+00  1.02000e+00  6.00000e-01
   2.53000e+00  3.50000e+00 -4.70000e-01 -1.00000e-01  2.80000e-01
   1.33681e+04  9.39276e+03  9.09824e+04]]SELL[[-1.0000000e+00 -5.6000000e-01  2.3000000e+00  9.0000004e-02
  -8.9999998e-01 -4.6000001e-01  1.1000000e+00 -2.5300000e+00
   2.3000000e+00 -3.1700001e+00 -5.4000001e+00  1.0200000e+00
   6.0000002e-01  2.5300000e+00  3.5000000e+00 -4.7000000e-01
  -1.0000000e-01  2.8000000e-01  2.7000000e+00 -1.4000000e+00
   2.9120000e+03  1.9155200e+03  1.0892614e+05]]SELL[[ 2.3000000e+00  9.0000004e-02 -8.9999998e-01 -4.6000001e-01
   1.1000000e+00 -2.5300000e+00  2.3000000e+00 -3.1700001e+00
  -5.4000001e+00  1.0200000e+00  6.0000002e-01  2.5300000e+00
   3.5000000e+00 -4.7000000e-01 -1.0000000e-01  2.8000000e-01
   2.7000000e+00 -1.4000000e+00 -8.1999998e+00 -2.1500001e+00
   7.1159998e+02  4.7457999e+02  1.1254678e+05]]SELL[[-8.9999998e-01 -4.6000001e-01  1.1000000e+00 -2.5300000e+00
   2.3000000e+00 -3.1700001e+00 -5.4000001e+00  1.0200000e+00
   6.0000002e-01  2.5300000e+00  3.5000000e+00 -4.7000000e-01
  -1.0000000e-01  2.8000000e-01  2.7000000e+00 -1.4000000e+00
  -8.1999998e+00 -2.1500001e+00  6.0000002e-01  8.3999997e-01
   3.5639999e+02  2.3813000e+02  1.1313987e+05]]BUY[[ 1.10000e+00 -2.53000e+00  2.30000e+00 -3.17000e+00 -5.40000e+00
   1.02000e+00  6.00000e-01  2.53000e+00  3.50000e+00 -4.70000e-01
  -1.00000e-01  2.80000e-01  2.70000e+00 -1.40000e+00 -8.20000e+00
  -2.15000e+00  6.00000e-01  8.40000e-01 -1.30000e+00  3.70000e-01
   6.32078e+04  5.00850e+04  2.87900e+02]]SELL[[ 2.30000e+00 -3.17000e+00 -5.40000e+00  1.02000e+00  6.00000e-01
   2.53000e+00  3.50000e+00 -4.70000e-01 -1.00000e-01  2.80000e-01
   2.70000e+00 -1.40000e+00 -8.20000e+00 -2.15000e+00  6.00000e-01
   8.40000e-01 -1.30000e+00  3.70000e-01 -5.30000e+00 -3.08000e+00
   1.25928e+04  9.88764e+03  9.07801e+04]]SELL[[-5.4000001e+00  1.0200000e+00  6.0000002e-01  2.5300000e+00
   3.5000000e+00 -4.7000000e-01 -1.0000000e-01  2.8000000e-01
   2.7000000e+00 -1.4000000e+00 -8.1999998e+00 -2.1500001e+00
   6.0000002e-01  8.3999997e-01 -1.3000000e+00  3.7000000e-01
  -5.3000002e+00 -3.0799999e+00 -1.0000000e-01 -5.6999998e+00
   2.7976001e+03  2.0674800e+03  1.0834336e+05]]SELL[[ 6.000000e-01  2.530000e+00  3.500000e+00 -4.700000e-01 -1.000000e-01
   2.800000e-01  2.700000e+00 -1.400000e+00 -8.200000e+00 -2.150000e+00
   6.000000e-01  8.400000e-01 -1.300000e+00  3.700000e-01 -5.300000e+00
  -3.080000e+00 -1.000000e-01 -5.700000e+00 -8.600000e+00  1.680000e+00
   6.822000e+02  4.628000e+02  1.120496e+05]]SELL[[ 3.500000e+00 -4.700000e-01 -1.000000e-01  2.800000e-01  2.700000e+00
  -1.400000e+00 -8.200000e+00 -2.150000e+00  6.000000e-01  8.400000e-01
  -1.300000e+00  3.700000e-01 -5.300000e+00 -3.080000e+00 -1.000000e-01
  -5.700000e+00 -8.600000e+00  1.680000e+00 -2.900000e+00  6.600000e-01
   3.382000e+02  2.320600e+02  1.126221e+05]]BUY[[-1.000000e-01  2.800000e-01  2.700000e+00 -1.400000e+00 -8.200000e+00
  -2.150000e+00  6.000000e-01  8.400000e-01 -1.300000e+00  3.700000e-01
  -5.300000e+00 -3.080000e+00 -1.000000e-01 -5.700000e+00 -8.600000e+00
   1.680000e+00 -2.900000e+00  6.600000e-01 -3.000000e-01  4.600000e-01
   6.149780e+04  5.161944e+04  1.226400e+02]]SELL[[ 2.700000e+00 -1.400000e+00 -8.200000e+00 -2.150000e+00  6.000000e-01
   8.400000e-01 -1.300000e+00  3.700000e-01 -5.300000e+00 -3.080000e+00
  -1.000000e-01 -5.700000e+00 -8.600000e+00  1.680000e+00 -2.900000e+00
   6.600000e-01 -3.000000e-01  4.600000e-01  4.900000e+00  1.000000e-01
   1.268360e+04  1.046790e+04  9.027418e+04]]SELL[[-8.200000e+00 -2.150000e+00  6.000000e-01  8.400000e-01 -1.300000e+00
   3.700000e-01 -5.300000e+00 -3.080000e+00 -1.000000e-01 -5.700000e+00
  -8.600000e+00  1.680000e+00 -2.900000e+00  6.600000e-01 -3.000000e-01
   4.600000e-01  4.900000e+00  1.000000e-01  6.000000e-01  5.600000e-01
   2.747200e+03  2.098620e+03  1.085897e+05]]SELL[[ 6.0000002e-01  8.3999997e-01 -1.3000000e+00  3.7000000e-01
  -5.3000002e+00 -3.0799999e+00 -1.0000000e-01 -5.6999998e+00
  -8.6000004e+00  1.6799999e+00 -2.9000001e+00  6.6000003e-01
  -3.0000001e-01  4.6000001e-01  4.9000001e+00  1.0000000e-01
   6.0000002e-01  5.6000000e-01  4.5999999e+00  2.7100000e+00
   6.9600000e+02  4.7178000e+02  1.1228236e+05]]SELL[[-1.3000000e+00  3.7000000e-01 -5.3000002e+00 -3.0799999e+00
  -1.0000000e-01 -5.6999998e+00 -8.6000004e+00  1.6799999e+00
  -2.9000001e+00  6.6000003e-01 -3.0000001e-01  4.6000001e-01
   4.9000001e+00  1.0000000e-01  6.0000002e-01  5.6000000e-01
   4.5999999e+00  2.7100000e+00  3.0999999e+00 -3.4600000e+00
   3.5110001e+02  2.3242999e+02  1.1286625e+05]]BUY[[-5.30000e+00 -3.08000e+00 -1.00000e-01 -5.70000e+00 -8.60000e+00
   1.68000e+00 -2.90000e+00  6.60000e-01 -3.00000e-01  4.60000e-01
   4.90000e+00  1.00000e-01  6.00000e-01  5.60000e-01  4.60000e+00
   2.71000e+00  3.10000e+00 -3.46000e+00 -5.80000e+00 -2.80000e-01
   5.93916e+04  5.29302e+04  6.65400e+01]]SELL[[-1.000000e-01 -5.700000e+00 -8.600000e+00  1.680000e+00 -2.900000e+00
   6.600000e-01 -3.000000e-01  4.600000e-01  4.900000e+00  1.000000e-01
   6.000000e-01  5.600000e-01  4.600000e+00  2.710000e+00  3.100000e+00
  -3.460000e+00 -5.800000e+00 -2.800000e-01  1.100000e+00  5.420000e+00
   1.212400e+04  1.092822e+04  8.962394e+04]]SELL[[-8.6000004e+00  1.6799999e+00 -2.9000001e+00  6.6000003e-01
  -3.0000001e-01  4.6000001e-01  4.9000001e+00  1.0000000e-01
   6.0000002e-01  5.6000000e-01  4.5999999e+00  2.7100000e+00
   3.0999999e+00 -3.4600000e+00 -5.8000002e+00 -2.8000000e-01
   1.1000000e+00  5.4200001e+00  2.0000000e-01  7.5000000e-01
   2.4262000e+03  2.3832000e+03  1.0787566e+05]]SELL[[-2.9000001e+00  6.6000003e-01 -3.0000001e-01  4.6000001e-01
   4.9000001e+00  1.0000000e-01  6.0000002e-01  5.6000000e-01
   4.5999999e+00  2.7100000e+00  3.0999999e+00 -3.4600000e+00
  -5.8000002e+00 -2.8000000e-01  1.1000000e+00  5.4200001e+00
   2.0000000e-01  7.5000000e-01  1.5000000e+00  2.4300001e+00
   6.9620001e+02  4.8150000e+02  1.1151522e+05]]SELL[[-3.0000001e-01  4.6000001e-01  4.9000001e+00  1.0000000e-01
   6.0000002e-01  5.6000000e-01  4.5999999e+00  2.7100000e+00
   3.0999999e+00 -3.4600000e+00 -5.8000002e+00 -2.8000000e-01
   1.1000000e+00  5.4200001e+00  2.0000000e-01  7.5000000e-01
   1.5000000e+00  2.4300001e+00  4.3000002e+00  0.0000000e+00
   3.5239999e+02  2.4075000e+02  1.1210407e+05]]BUY[[ 4.900000e+00  1.000000e-01  6.000000e-01  5.600000e-01  4.600000e+00
   2.710000e+00  3.100000e+00 -3.460000e+00 -5.800000e+00 -2.800000e-01
   1.100000e+00  5.420000e+00  2.000000e-01  7.500000e-01  1.500000e+00
   2.430000e+00  4.300000e+00  0.000000e+00  1.700000e+00  9.300000e-01
   5.913470e+04  5.389464e+04  1.591700e+02]]SELL[[ 6.000000e-01  5.600000e-01  4.600000e+00  2.710000e+00  3.100000e+00
  -3.460000e+00 -5.800000e+00 -2.800000e-01  1.100000e+00  5.420000e+00
   2.000000e-01  7.500000e-01  1.500000e+00  2.430000e+00  4.300000e+00
   0.000000e+00  1.700000e+00  9.300000e-01  5.000000e-01  7.500000e-01
   1.205640e+04  1.090935e+04  9.027351e+04]]SELL[[ 4.5999999e+00  2.7100000e+00  3.0999999e+00 -3.4600000e+00
  -5.8000002e+00 -2.8000000e-01  1.1000000e+00  5.4200001e+00
   2.0000000e-01  7.5000000e-01  1.5000000e+00  2.4300001e+00
   4.3000002e+00  0.0000000e+00  1.7000000e+00  9.3000001e-01
   5.0000000e-01  7.5000000e-01 -2.0000000e-01  2.2400000e+00
   2.4808000e+03  2.2020300e+03  1.0857519e+05]]SELL[[ 3.0999999e+00 -3.4600000e+00 -5.8000002e+00 -2.8000000e-01
   1.1000000e+00  5.4200001e+00  2.0000000e-01  7.5000000e-01
   1.5000000e+00  2.4300001e+00  4.3000002e+00  0.0000000e+00
   1.7000000e+00  9.3000001e-01  5.0000000e-01  7.5000000e-01
  -2.0000000e-01  2.2400000e+00  5.0000000e+00 -2.8000000e-01
   7.1879999e+02  4.8878000e+02  1.1205988e+05]]SELL[[-5.8000002e+00 -2.8000000e-01  1.1000000e+00  5.4200001e+00
   2.0000000e-01  7.5000000e-01  1.5000000e+00  2.4300001e+00
   4.3000002e+00  0.0000000e+00  1.7000000e+00  9.3000001e-01
   5.0000000e-01  7.5000000e-01 -2.0000000e-01  2.2400000e+00
   5.0000000e+00 -2.8000000e-01  3.0999999e+00 -1.4000000e+00
   3.6250000e+02  2.4299001e+02  1.1266367e+05]]BUY[[ 1.10000e+00  5.42000e+00  2.00000e-01  7.50000e-01  1.50000e+00
   2.43000e+00  4.30000e+00  0.00000e+00  1.70000e+00  9.30000e-01
   5.00000e-01  7.50000e-01 -2.00000e-01  2.24000e+00  5.00000e+00
  -2.80000e-01  3.10000e+00 -1.40000e+00 -4.30000e+00 -9.00000e-02
   5.76702e+04  5.44096e+04  4.76900e+02]]SELL[[ 2.000000e-01  7.500000e-01  1.500000e+00  2.430000e+00  4.300000e+00
   0.000000e+00  1.700000e+00  9.300000e-01  5.000000e-01  7.500000e-01
  -2.000000e-01  2.240000e+00  5.000000e+00 -2.800000e-01  3.100000e+00
  -1.400000e+00 -4.300000e+00 -9.000000e-02  5.000000e-01 -2.150000e+00
   1.183710e+04  1.083375e+04  8.980560e+04]]SELL[[ 1.500000e+00  2.430000e+00  4.300000e+00  0.000000e+00  1.700000e+00
   9.300000e-01  5.000000e-01  7.500000e-01 -2.000000e-01  2.240000e+00
   5.000000e+00 -2.800000e-01  3.100000e+00 -1.400000e+00 -4.300000e+00
  -9.000000e-02  5.000000e-01 -2.150000e+00  1.300000e+00  9.300000e-01
   2.520000e+03  2.175120e+03  1.077988e+05]]SELL[[ 4.3000002e+00  0.0000000e+00  1.7000000e+00  9.3000001e-01
   5.0000000e-01  7.5000000e-01 -2.0000000e-01  2.2400000e+00
   5.0000000e+00 -2.8000000e-01  3.0999999e+00 -1.4000000e+00
  -4.3000002e+00 -9.0000004e-02  5.0000000e-01 -2.1500001e+00
   1.3000000e+00  9.3000001e-01  5.1999998e+00  7.5000000e-01
   7.3040002e+02  4.8485999e+02  1.1129056e+05]]SELL[[ 1.7000000e+00  9.3000001e-01  5.0000000e-01  7.5000000e-01
  -2.0000000e-01  2.2400000e+00  5.0000000e+00 -2.8000000e-01
   3.0999999e+00 -1.4000000e+00 -4.3000002e+00 -9.0000004e-02
   5.0000000e-01 -2.1500001e+00  1.3000000e+00  9.3000001e-01
   5.1999998e+00  7.5000000e-01 -1.0000000e+00 -1.9600000e+00
   3.6420001e+02  2.4047000e+02  1.1189819e+05]]BUY[[ 5.000000e-01  7.500000e-01 -2.000000e-01  2.240000e+00  5.000000e+00
  -2.800000e-01  3.100000e+00 -1.400000e+00 -4.300000e+00 -9.000000e-02
   5.000000e-01 -2.150000e+00  1.300000e+00  9.300000e-01  5.200000e+00
   7.500000e-01 -1.000000e+00 -1.960000e+00  3.700000e+00 -1.000000e-01
   5.812820e+04  5.480436e+04  1.321000e+02]]SELL[[-2.000000e-01  2.240000e+00  5.000000e+00 -2.800000e-01  3.100000e+00
  -1.400000e+00 -4.300000e+00 -9.000000e-02  5.000000e-01 -2.150000e+00
   1.300000e+00  9.300000e-01  5.200000e+00  7.500000e-01 -1.000000e+00
  -1.960000e+00  3.700000e+00 -1.000000e-01  1.500000e+00  2.810000e+00
   1.182080e+04  1.118628e+04  9.023484e+04]]SELL[[ 5.0000000e+00 -2.8000000e-01  3.0999999e+00 -1.4000000e+00
  -4.3000002e+00 -9.0000004e-02  5.0000000e-01 -2.1500001e+00
   1.3000000e+00  9.3000001e-01  5.1999998e+00  7.5000000e-01
  -1.0000000e+00 -1.9600000e+00  3.7000000e+00 -1.0000000e-01
   1.5000000e+00  2.8099999e+00  4.5999999e+00 -1.1200000e+00
   2.6180000e+03  2.4206001e+03  1.0822432e+05]]SELL[[ 3.100000e+00 -1.400000e+00 -4.300000e+00 -9.000000e-02  5.000000e-01
  -2.150000e+00  1.300000e+00  9.300000e-01  5.200000e+00  7.500000e-01
  -1.000000e+00 -1.960000e+00  3.700000e+00 -1.000000e-01  1.500000e+00
   2.810000e+00  4.600000e+00 -1.120000e+00 -5.600000e+00 -7.500000e-01
   7.368000e+02  4.826200e+02  1.120308e+05]]SELL[[-4.3000002e+00 -9.0000004e-02  5.0000000e-01 -2.1500001e+00
   1.3000000e+00  9.3000001e-01  5.1999998e+00  7.5000000e-01
  -1.0000000e+00 -1.9600000e+00  3.7000000e+00 -1.0000000e-01
   1.5000000e+00  2.8099999e+00  4.5999999e+00 -1.1200000e+00
  -5.5999999e+00 -7.5000000e-01  4.5000000e+00 -1.5000000e+00
   3.7289999e+02  2.3981000e+02  1.1264051e+05]]BUY[[ 5.000000e-01 -2.150000e+00  1.300000e+00  9.300000e-01  5.200000e+00
   7.500000e-01 -1.000000e+00 -1.960000e+00  3.700000e+00 -1.000000e-01
   1.500000e+00  2.810000e+00  4.600000e+00 -1.120000e+00 -5.600000e+00
  -7.500000e-01  4.500000e+00 -1.500000e+00 -1.200000e+00  3.460000e+00
   5.687010e+04  5.668191e+04  3.237900e+02]]SELL[[ 1.300000e+00  9.300000e-01  5.200000e+00  7.500000e-01 -1.000000e+00
  -1.960000e+00  3.700000e+00 -1.000000e-01  1.500000e+00  2.810000e+00
   4.600000e+00 -1.120000e+00 -5.600000e+00 -7.500000e-01  4.500000e+00
  -1.500000e+00 -1.200000e+00  3.460000e+00  6.100000e+00  1.960000e+00
   1.171180e+04  1.152581e+04  9.091941e+04]]SELL[[ 5.1999998e+00  7.5000000e-01 -1.0000000e+00 -1.9600000e+00
   3.7000000e+00 -1.0000000e-01  1.5000000e+00  2.8099999e+00
   4.5999999e+00 -1.1200000e+00 -5.5999999e+00 -7.5000000e-01
   4.5000000e+00 -1.5000000e+00 -1.2000000e+00  3.4600000e+00
   6.0999999e+00  1.9600000e+00 -1.0100000e+01 -1.9600000e+00
   2.5738999e+03  2.4327000e+03  1.0906012e+05]]SELL[[-1.0000000e+00 -1.9600000e+00  3.7000000e+00 -1.0000000e-01
   1.5000000e+00  2.8099999e+00  4.5999999e+00 -1.1200000e+00
  -5.5999999e+00 -7.5000000e-01  4.5000000e+00 -1.5000000e+00
  -1.2000000e+00  3.4600000e+00  6.0999999e+00  1.9600000e+00
  -1.0100000e+01 -1.9600000e+00 -1.0100000e+01  2.3399999e+00
   7.1520001e+02  4.9122000e+02  1.1284478e+05]]SELL[[ 3.7000000e+00 -1.0000000e-01  1.5000000e+00  2.8099999e+00
   4.5999999e+00 -1.1200000e+00 -5.5999999e+00 -7.5000000e-01
   4.5000000e+00 -1.5000000e+00 -1.2000000e+00  3.4600000e+00
   6.0999999e+00  1.9600000e+00 -1.0100000e+01 -1.9600000e+00
  -1.0100000e+01  2.3399999e+00  4.4000001e+00 -1.8700000e+00
   3.6200000e+02  2.4374001e+02  1.1344799e+05]]BUY[[ 1.50000e+00  2.81000e+00  4.60000e+00 -1.12000e+00 -5.60000e+00
  -7.50000e-01  4.50000e+00 -1.50000e+00 -1.20000e+00  3.46000e+00
   6.10000e+00  1.96000e+00 -1.01000e+01 -1.96000e+00 -1.01000e+01
   2.34000e+00  4.40000e+00 -1.87000e+00  8.90000e+00  4.86000e+00
   5.82313e+04  5.79238e+04  4.28310e+02]]SELL[[ 4.600000e+00 -1.120000e+00 -5.600000e+00 -7.500000e-01  4.500000e+00
  -1.500000e+00 -1.200000e+00  3.460000e+00  6.100000e+00  1.960000e+00
  -1.010000e+01 -1.960000e+00 -1.010000e+01  2.340000e+00  4.400000e+00
  -1.870000e+00  8.900000e+00  4.860000e+00  4.600000e+00  1.400000e+00
   1.201600e+04  1.175000e+04  9.303041e+04]]SELL[[-5.5999999e+00 -7.5000000e-01  4.5000000e+00 -1.5000000e+00
  -1.2000000e+00  3.4600000e+00  6.0999999e+00  1.9600000e+00
  -1.0100000e+01 -1.9600000e+00 -1.0100000e+01  2.3399999e+00
   4.4000001e+00 -1.8700000e+00  8.8999996e+00  4.8600001e+00
   4.5999999e+00  1.4000000e+00  1.2400000e+01 -4.7000000e-01
   2.7153000e+03  2.4953000e+03  1.1166791e+05]]SELL[[ 4.5000000e+00 -1.5000000e+00 -1.2000000e+00  3.4600000e+00
   6.0999999e+00  1.9600000e+00 -1.0100000e+01 -1.9600000e+00
  -1.0100000e+01  2.3399999e+00  4.4000001e+00 -1.8700000e+00
   8.8999996e+00  4.8600001e+00  4.5999999e+00  1.4000000e+00
   1.2400000e+01 -4.7000000e-01  1.1500000e+01  9.4000000e-01
   7.9879999e+02  5.0094000e+02  1.1560365e+05]]SELL[[-1.2000000e+00  3.4600000e+00  6.0999999e+00  1.9600000e+00
  -1.0100000e+01 -1.9600000e+00 -1.0100000e+01  2.3399999e+00
   4.4000001e+00 -1.8700000e+00  8.8999996e+00  4.8600001e+00
   4.5999999e+00  1.4000000e+00  1.2400000e+01 -4.7000000e-01
   1.1500000e+01  9.4000000e-01  1.0200000e+01 -8.3999997e-01
   4.0960001e+02  2.4963000e+02  1.1625352e+05]]BUY[[ 6.100000e+00  1.960000e+00 -1.010000e+01 -1.960000e+00 -1.010000e+01
   2.340000e+00  4.400000e+00 -1.870000e+00  8.900000e+00  4.860000e+00
   4.600000e+00  1.400000e+00  1.240000e+01 -4.700000e-01  1.150000e+01
   9.400000e-01  1.020000e+01 -8.400000e-01  7.400000e+00 -1.900000e-01
   5.963100e+04  5.811952e+04  1.761600e+02]]SELL[[-1.010000e+01 -1.960000e+00 -1.010000e+01  2.340000e+00  4.400000e+00
  -1.870000e+00  8.900000e+00  4.860000e+00  4.600000e+00  1.400000e+00
   1.240000e+01 -4.700000e-01  1.150000e+01  9.400000e-01  1.020000e+01
  -8.400000e-01  7.400000e+00 -1.900000e-01 -7.800000e+00  1.120000e+00
   1.186680e+04  1.177632e+04  9.411000e+04]]SELL[[-1.0100000e+01  2.3399999e+00  4.4000001e+00 -1.8700000e+00
   8.8999996e+00  4.8600001e+00  4.5999999e+00  1.4000000e+00
   1.2400000e+01 -4.7000000e-01  1.1500000e+01  9.4000000e-01
   1.0200000e+01 -8.3999997e-01  7.4000001e+00 -1.9000000e-01
  -7.8000002e+00  1.1200000e+00 -1.8000000e+00 -3.7000000e-01
   2.4443999e+03  2.5018999e+03  1.1279232e+05]]SELL[[ 4.4000001e+00 -1.8700000e+00  8.8999996e+00  4.8600001e+00
   4.5999999e+00  1.4000000e+00  1.2400000e+01 -4.7000000e-01
   1.1500000e+01  9.4000000e-01  1.0200000e+01 -8.3999997e-01
   7.4000001e+00 -1.9000000e-01 -7.8000002e+00  1.1200000e+00
  -1.8000000e+00 -3.7000000e-01  1.1000000e+00  1.6799999e+00
   8.1700000e+02  5.0373999e+02  1.1642344e+05]]SELL[[ 8.8999996e+00  4.8600001e+00  4.5999999e+00  1.4000000e+00
   1.2400000e+01 -4.7000000e-01  1.1500000e+01  9.4000000e-01
   1.0200000e+01 -8.3999997e-01  7.4000001e+00 -1.9000000e-01
  -7.8000002e+00  1.1200000e+00 -1.8000000e+00 -3.7000000e-01
   1.1000000e+00  1.6799999e+00  1.0000000e+00 -9.0000004e-02
   4.0950000e+02  2.5178000e+02  1.1708381e+05]]BUY[[ 4.600000e+00  1.400000e+00  1.240000e+01 -4.700000e-01  1.150000e+01
   9.400000e-01  1.020000e+01 -8.400000e-01  7.400000e+00 -1.900000e-01
  -7.800000e+00  1.120000e+00 -1.800000e+00 -3.700000e-01  1.100000e+00
   1.680000e+00  1.000000e+00 -9.000000e-02 -8.100000e+00  4.600000e-01
   5.940720e+04  5.700624e+04  2.368100e+02]]SELL[[ 1.240000e+01 -4.700000e-01  1.150000e+01  9.400000e-01  1.020000e+01
  -8.400000e-01  7.400000e+00 -1.900000e-01 -7.800000e+00  1.120000e+00
  -1.800000e+00 -3.700000e-01  1.100000e+00  1.680000e+00  1.000000e+00
  -9.000000e-02 -8.100000e+00  4.600000e-01 -4.100000e+00  2.150000e+00
   1.191900e+04  1.170194e+04  9.300521e+04]]SELL[[ 1.1500000e+01  9.4000000e-01  1.0200000e+01 -8.3999997e-01
   7.4000001e+00 -1.9000000e-01 -7.8000002e+00  1.1200000e+00
  -1.8000000e+00 -3.7000000e-01  1.1000000e+00  1.6799999e+00
   1.0000000e+00 -9.0000004e-02 -8.1000004e+00  4.6000001e-01
  -4.0999999e+00  2.1500001e+00 -2.4000001e+00 -9.0000004e-02
   2.3693999e+03  2.5430000e+03  1.1169845e+05]]SELL[[ 1.0200000e+01 -8.3999997e-01  7.4000001e+00 -1.9000000e-01
  -7.8000002e+00  1.1200000e+00 -1.8000000e+00 -3.7000000e-01
   1.1000000e+00  1.6799999e+00  1.0000000e+00 -9.0000004e-02
  -8.1000004e+00  4.6000001e-01 -4.0999999e+00  2.1500001e+00
  -2.4000001e+00 -9.0000004e-02 -3.2000000e+00 -4.4899998e+00
   7.8340002e+02  4.9962000e+02  1.1531245e+05]]SELL[[ 7.4000001e+00 -1.9000000e-01 -7.8000002e+00  1.1200000e+00
  -1.8000000e+00 -3.7000000e-01  1.1000000e+00  1.6799999e+00
   1.0000000e+00 -9.0000004e-02 -8.1000004e+00  4.6000001e-01
  -4.0999999e+00  2.1500001e+00 -2.4000001e+00 -9.0000004e-02
  -3.2000000e+00 -4.4899998e+00 -3.3000000e+00  2.8000000e-01
   3.8839999e+02  2.5009000e+02  1.1595396e+05]]BUY[[-7.800000e+00  1.120000e+00 -1.800000e+00 -3.700000e-01  1.100000e+00
   1.680000e+00  1.000000e+00 -9.000000e-02 -8.100000e+00  4.600000e-01
  -4.100000e+00  2.150000e+00 -2.400000e+00 -9.000000e-02 -3.200000e+00
  -4.490000e+00 -3.300000e+00  2.800000e-01 -1.300000e+00 -1.120000e+00
   6.116180e+04  5.452443e+04  4.555400e+02]]SELL[[-1.800000e+00 -3.700000e-01  1.100000e+00  1.680000e+00  1.000000e+00
  -9.000000e-02 -8.100000e+00  4.600000e-01 -4.100000e+00  2.150000e+00
  -2.400000e+00 -9.000000e-02 -3.200000e+00 -4.490000e+00 -3.300000e+00
   2.800000e-01 -1.300000e+00 -1.120000e+00 -1.600000e+00  1.960000e+00
   1.233600e+04  1.104092e+04  9.279989e+04]]SELL[[ 1.1000000e+00  1.6799999e+00  1.0000000e+00 -9.0000004e-02
  -8.1000004e+00  4.6000001e-01 -4.0999999e+00  2.1500001e+00
  -2.4000001e+00 -9.0000004e-02 -3.2000000e+00 -4.4899998e+00
  -3.3000000e+00  2.8000000e-01 -1.3000000e+00 -1.1200000e+00
  -1.6000000e+00  1.9600000e+00  7.4000001e+00 -4.6000001e-01
   2.7503000e+03  2.2542300e+03  1.1121994e+05]]SELL[[ 1.0000000e+00 -9.0000004e-02 -8.1000004e+00  4.6000001e-01
  -4.0999999e+00  2.1500001e+00 -2.4000001e+00 -9.0000004e-02
  -3.2000000e+00 -4.4899998e+00 -3.3000000e+00  2.8000000e-01
  -1.3000000e+00 -1.1200000e+00 -1.6000000e+00  1.9600000e+00
   7.4000001e+00 -4.6000001e-01 -8.0000000e+00  1.4900000e+00
   7.6979999e+02  5.0392001e+02  1.1493773e+05]]SELL[[-8.1000004e+00  4.6000001e-01 -4.0999999e+00  2.1500001e+00
  -2.4000001e+00 -9.0000004e-02 -3.2000000e+00 -4.4899998e+00
  -3.3000000e+00  2.8000000e-01 -1.3000000e+00 -1.1200000e+00
  -1.6000000e+00  1.9600000e+00  7.4000001e+00 -4.6000001e-01
  -8.0000000e+00  1.4900000e+00  4.0000001e-01 -1.7700000e+00
   3.8529999e+02  2.5019000e+02  1.1557459e+05]]BUY[[-4.100000e+00  2.150000e+00 -2.400000e+00 -9.000000e-02 -3.200000e+00
  -4.490000e+00 -3.300000e+00  2.800000e-01 -1.300000e+00 -1.120000e+00
  -1.600000e+00  1.960000e+00  7.400000e+00 -4.600000e-01 -8.000000e+00
   1.490000e+00  4.000000e-01 -1.770000e+00  5.000000e-01 -9.400000e-01
   6.172800e+04  5.408725e+04  2.708500e+02]]SELL[[-2.400000e+00 -9.000000e-02 -3.200000e+00 -4.490000e+00 -3.300000e+00
   2.800000e-01 -1.300000e+00 -1.120000e+00 -1.600000e+00  1.960000e+00
   7.400000e+00 -4.600000e-01 -8.000000e+00  1.490000e+00  4.000000e-01
  -1.770000e+00  5.000000e-01 -9.400000e-01  4.200000e+00  1.310000e+00
   1.248000e+04  1.102464e+04  9.277350e+04]]SELL[[-3.200000e+00 -4.490000e+00 -3.300000e+00  2.800000e-01 -1.300000e+00
  -1.120000e+00 -1.600000e+00  1.960000e+00  7.400000e+00 -4.600000e-01
  -8.000000e+00  1.490000e+00  4.000000e-01 -1.770000e+00  5.000000e-01
  -9.400000e-01  4.200000e+00  1.310000e+00  2.000000e+00  1.870000e+00
   2.744000e+03  2.271870e+03  1.112931e+05]]SELL[[-3.3000000e+00  2.8000000e-01 -1.3000000e+00 -1.1200000e+00
  -1.6000000e+00  1.9600000e+00  7.4000001e+00 -4.6000001e-01
  -8.0000000e+00  1.4900000e+00  4.0000001e-01 -1.7700000e+00
   5.0000000e-01 -9.4000000e-01  4.1999998e+00  1.3099999e+00
   2.0000000e+00  1.8700000e+00  1.4000000e+00  2.3399999e+00
   7.8679999e+02  5.0954001e+02  1.1502011e+05]]SELL[[-1.3000000e+00 -1.1200000e+00 -1.6000000e+00  1.9600000e+00
   7.4000001e+00 -4.6000001e-01 -8.0000000e+00  1.4900000e+00
   4.0000001e-01 -1.7700000e+00  5.0000000e-01 -9.4000000e-01
   4.1999998e+00  1.3099999e+00  2.0000000e+00  1.8700000e+00
   1.4000000e+00  2.3399999e+00 -3.4000001e+00  1.1200000e+00
   3.9000000e+02  2.5589000e+02  1.1566828e+05]]BUY[[-1.600000e+00  1.960000e+00  7.400000e+00 -4.600000e-01 -8.000000e+00
   1.490000e+00  4.000000e-01 -1.770000e+00  5.000000e-01 -9.400000e-01
   4.200000e+00  1.310000e+00  2.000000e+00  1.870000e+00  1.400000e+00
   2.340000e+00 -3.400000e+00  1.120000e+00  3.500000e+00  2.150000e+00
   6.177950e+04  5.522056e+04  3.237100e+02]]SELL[[ 7.400000e+00 -4.600000e-01 -8.000000e+00  1.490000e+00  4.000000e-01
  -1.770000e+00  5.000000e-01 -9.400000e-01  4.200000e+00  1.310000e+00
   2.000000e+00  1.870000e+00  1.400000e+00  2.340000e+00 -3.400000e+00
   1.120000e+00  3.500000e+00  2.150000e+00  5.100000e+00 -1.870000e+00
   1.275520e+04  1.101531e+04  9.363605e+04]]SELL[[-8.0000000e+00  1.4900000e+00  4.0000001e-01 -1.7700000e+00
   5.0000000e-01 -9.4000000e-01  4.1999998e+00  1.3099999e+00
   2.0000000e+00  1.8700000e+00  1.4000000e+00  2.3399999e+00
  -3.4000001e+00  1.1200000e+00  3.5000000e+00  2.1500001e+00
   5.0999999e+00 -1.8700000e+00 -1.2000000e+00 -2.9900000e+00
   2.7818000e+03  2.2786201e+03  1.1231083e+05]]SELL[[ 4.0000001e-01 -1.7700000e+00  5.0000000e-01 -9.4000000e-01
   4.1999998e+00  1.3099999e+00  2.0000000e+00  1.8700000e+00
   1.4000000e+00  2.3399999e+00 -3.4000001e+00  1.1200000e+00
   3.5000000e+00  2.1500001e+00  5.0999999e+00 -1.8700000e+00
  -1.2000000e+00 -2.9900000e+00 -1.1800000e+01 -9.4000000e-01
   7.7120001e+02  5.0448001e+02  1.1607009e+05]]SELL[[ 5.0000000e-01 -9.4000000e-01  4.1999998e+00  1.3099999e+00
   2.0000000e+00  1.8700000e+00  1.4000000e+00  2.3399999e+00
  -3.4000001e+00  1.1200000e+00  3.5000000e+00  2.1500001e+00
   5.0999999e+00 -1.8700000e+00 -1.2000000e+00 -2.9900000e+00
  -1.1800000e+01 -9.4000000e-01  1.0000000e-01 -1.4000000e+00
   3.8570001e+02  2.5084000e+02  1.1670793e+05]]BUY[[ 4.2000e+00  1.3100e+00  2.0000e+00  1.8700e+00  1.4000e+00  2.3400e+00
  -3.4000e+00  1.1200e+00  3.5000e+00  2.1500e+00  5.1000e+00 -1.8700e+00
  -1.2000e+00 -2.9900e+00 -1.1800e+01 -9.4000e-01  1.0000e-01 -1.4000e+00
  -6.2000e+00 -2.2400e+00  6.0720e+04  5.4692e+04  4.4767e+02]]SELL[[ 2.000000e+00  1.870000e+00  1.400000e+00  2.340000e+00 -3.400000e+00
   1.120000e+00  3.500000e+00  2.150000e+00  5.100000e+00 -1.870000e+00
  -1.200000e+00 -2.990000e+00 -1.180000e+01 -9.400000e-01  1.000000e-01
  -1.400000e+00 -6.200000e+00 -2.240000e+00 -2.400000e+00 -1.870000e+00
   1.206720e+04  1.085612e+04  9.277727e+04]]SELL[[ 1.4000000e+00  2.3399999e+00 -3.4000001e+00  1.1200000e+00
   3.5000000e+00  2.1500001e+00  5.0999999e+00 -1.8700000e+00
  -1.2000000e+00 -2.9900000e+00 -1.1800000e+01 -9.4000000e-01
   1.0000000e-01 -1.4000000e+00 -6.1999998e+00 -2.2400000e+00
  -2.4000001e+00 -1.8700000e+00  1.2800000e+01  0.0000000e+00
   2.7293000e+03  2.2205701e+03  1.1084032e+05]]SELL[[-3.4000001e+00  1.1200000e+00  3.5000000e+00  2.1500001e+00
   5.0999999e+00 -1.8700000e+00 -1.2000000e+00 -2.9900000e+00
  -1.1800000e+01 -9.4000000e-01  1.0000000e-01 -1.4000000e+00
  -6.1999998e+00 -2.2400000e+00 -2.4000001e+00 -1.8700000e+00
   1.2800000e+01  0.0000000e+00  0.0000000e+00  6.4999998e-01
   7.7979999e+02  4.9476001e+02  1.1451693e+05]]SELL[[ 3.5000000e+00  2.1500001e+00  5.0999999e+00 -1.8700000e+00
  -1.2000000e+00 -2.9900000e+00 -1.1800000e+01 -9.4000000e-01
   1.0000000e-01 -1.4000000e+00 -6.1999998e+00 -2.2400000e+00
  -2.4000001e+00 -1.8700000e+00  1.2800000e+01  0.0000000e+00
   0.0000000e+00  6.4999998e-01  3.0000000e+00  9.4000000e-01
   3.9289999e+02  2.4832001e+02  1.1515421e+05]]BUY[[ 5.100000e+00 -1.870000e+00 -1.200000e+00 -2.990000e+00 -1.180000e+01
  -9.400000e-01  1.000000e-01 -1.400000e+00 -6.200000e+00 -2.240000e+00
  -2.400000e+00 -1.870000e+00  1.280000e+01  0.000000e+00  0.000000e+00
   6.500000e-01  3.000000e+00  9.400000e-01 -4.300000e+00  0.000000e+00
   5.984440e+04  5.487872e+04  4.101100e+02]]SELL[[-1.200000e+00 -2.990000e+00 -1.180000e+01 -9.400000e-01  1.000000e-01
  -1.400000e+00 -6.200000e+00 -2.240000e+00 -2.400000e+00 -1.870000e+00
   1.280000e+01  0.000000e+00  0.000000e+00  6.500000e-01  3.000000e+00
   9.400000e-01 -4.300000e+00  0.000000e+00  9.000000e+00  1.120000e+00
   1.232560e+04  1.122480e+04  9.191223e+04]]SELL[[-1.1800000e+01 -9.4000000e-01  1.0000000e-01 -1.4000000e+00
  -6.1999998e+00 -2.2400000e+00 -2.4000001e+00 -1.8700000e+00
   1.2800000e+01  0.0000000e+00  0.0000000e+00  6.4999998e-01
   3.0000000e+00  9.4000000e-01 -4.3000002e+00  0.0000000e+00
   9.0000000e+00  1.1200000e+00  8.5000000e+00  9.0000004e-02
   2.8427000e+03  2.2457700e+03  1.1043447e+05]]SELL[[ 1.0000000e-01 -1.4000000e+00 -6.1999998e+00 -2.2400000e+00
  -2.4000001e+00 -1.8700000e+00  1.2800000e+01  0.0000000e+00
   0.0000000e+00  6.4999998e-01  3.0000000e+00  9.4000000e-01
  -4.3000002e+00  0.0000000e+00  9.0000000e+00  1.1200000e+00
   8.5000000e+00  9.0000004e-02 -6.0000002e-01 -2.8000000e+00
   8.1100000e+02  4.9345999e+02  1.1421168e+05]]SELL[[-6.1999998e+00 -2.2400000e+00 -2.4000001e+00 -1.8700000e+00
   1.2800000e+01  0.0000000e+00  0.0000000e+00  6.4999998e-01
   3.0000000e+00  9.4000000e-01 -4.3000002e+00  0.0000000e+00
   9.0000000e+00  1.1200000e+00  8.5000000e+00  9.0000004e-02
  -6.0000002e-01 -2.8000000e+00 -6.0000002e-01  2.3399999e+00
   4.0489999e+02  2.4907001e+02  1.1486391e+05]]BUY[[-2.400000e+00 -1.870000e+00  1.280000e+01  0.000000e+00  0.000000e+00
   6.500000e-01  3.000000e+00  9.400000e-01 -4.300000e+00  0.000000e+00
   9.000000e+00  1.120000e+00  8.500000e+00  9.000000e-02 -6.000000e-01
  -2.800000e+00 -6.000000e-01  2.340000e+00 -1.400000e+00  6.500000e-01
   8.594550e+04  2.896752e+04  3.820600e+02]]SELL[[ 1.28000e+01  0.00000e+00  0.00000e+00  6.50000e-01  3.00000e+00
   9.40000e-01 -4.30000e+00  0.00000e+00  9.00000e+00  1.12000e+00
   8.50000e+00  9.00000e-02 -6.00000e-01 -2.80000e+00 -6.00000e-01
   2.34000e+00 -1.40000e+00  6.50000e-01 -1.50000e+00 -4.70000e-01
   1.72860e+04  5.98200e+03  9.19513e+04]]SELL[[ 0.0000000e+00  6.4999998e-01  3.0000000e+00  9.4000000e-01
  -4.3000002e+00  0.0000000e+00  9.0000000e+00  1.1200000e+00
   8.5000000e+00  9.0000004e-02 -6.0000002e-01 -2.8000000e+00
  -6.0000002e-01  2.3399999e+00 -1.4000000e+00  6.4999998e-01
  -1.5000000e+00 -4.7000000e-01 -8.0000000e+00 -3.1800001e+00
   3.5460000e+03  1.2303500e+03  1.1035505e+05]]SELL[[ 3.0000000e+00  9.4000000e-01 -4.3000002e+00  0.0000000e+00
   9.0000000e+00  1.1200000e+00  8.5000000e+00  9.0000004e-02
  -6.0000002e-01 -2.8000000e+00 -6.0000002e-01  2.3399999e+00
  -1.4000000e+00  6.4999998e-01 -1.5000000e+00 -4.7000000e-01
  -8.0000000e+00 -3.1800001e+00  4.1999998e+00  3.2800000e+00
   7.9640002e+02  2.4935001e+02  1.1409733e+05]]SELL[[-4.3000002e+00  0.0000000e+00  9.0000000e+00  1.1200000e+00
   8.5000000e+00  9.0000004e-02 -6.0000002e-01 -2.8000000e+00
  -6.0000002e-01  2.3399999e+00 -1.4000000e+00  6.4999998e-01
  -1.5000000e+00 -4.7000000e-01 -8.0000000e+00 -3.1800001e+00
   4.1999998e+00  3.2800000e+00  1.5600000e+01  5.4200001e+00
   4.1379999e+02  2.5477000e+02  1.1449553e+05]]BUY[[ 9.000000e+00  1.120000e+00  8.500000e+00  9.000000e-02 -6.000000e-01
  -2.800000e+00 -6.000000e-01  2.340000e+00 -1.400000e+00  6.500000e-01
  -1.500000e+00 -4.700000e-01 -8.000000e+00 -3.180000e+00  4.200000e+00
   3.280000e+00  1.560000e+01  5.420000e+00  1.600000e+00 -8.400000e-01
   1.150658e+05  2.539300e+02  2.867300e+02]]SELL[[ 8.500000e+00  9.000000e-02 -6.000000e-01 -2.800000e+00 -6.000000e-01
   2.340000e+00 -1.400000e+00  6.500000e-01 -1.500000e+00 -4.700000e-01
  -8.000000e+00 -3.180000e+00  4.200000e+00  3.280000e+00  1.560000e+01
   5.420000e+00  1.600000e+00 -8.400000e-01 -5.900000e+00 -2.250000e+00
   2.293200e+04  2.516800e+02  9.209013e+04]]SELL[[-6.0000002e-01 -2.8000000e+00 -6.0000002e-01  2.3399999e+00
  -1.4000000e+00  6.4999998e-01 -1.5000000e+00 -4.7000000e-01
  -8.0000000e+00 -3.1800001e+00  4.1999998e+00  3.2800000e+00
   1.5600000e+01  5.4200001e+00  1.6000000e+00 -8.3999997e-01
  -5.9000001e+00 -2.2500000e+00 -1.5900000e+01 -4.0200000e+00
   4.7232002e+03  2.4766000e+02  1.1010813e+05]]SELL[[-6.0000002e-01  2.3399999e+00 -1.4000000e+00  6.4999998e-01
  -1.5000000e+00 -4.7000000e-01 -8.0000000e+00 -3.1800001e+00
   4.1999998e+00  3.2800000e+00  1.5600000e+01  5.4200001e+00
   1.6000000e+00 -8.3999997e-01 -5.9000001e+00 -2.2500000e+00
  -1.5900000e+01 -4.0200000e+00  1.9000000e+00  1.9700000e+00
   1.1865000e+03  2.4963000e+02  1.1365053e+05]]SELL[[-1.4000000e+00  6.4999998e-01 -1.5000000e+00 -4.7000000e-01
  -8.0000000e+00 -3.1800001e+00  4.1999998e+00  3.2800000e+00
   1.5600000e+01  5.4200001e+00  1.6000000e+00 -8.3999997e-01
  -5.9000001e+00 -2.2500000e+00 -1.5900000e+01 -4.0200000e+00
   1.9000000e+00  1.9700000e+00 -4.0000000e+00  6.4999998e-01
   3.9150000e+02  2.5028000e+02  1.1444153e+05]]BUY[[-1.500000e+00 -4.700000e-01 -8.000000e+00 -3.180000e+00  4.200000e+00
   3.280000e+00  1.560000e+01  5.420000e+00  1.600000e+00 -8.400000e-01
  -5.900000e+00 -2.250000e+00 -1.590000e+01 -4.020000e+00  1.900000e+00
   1.970000e+00 -4.000000e+00  6.500000e-01 -2.600000e+00 -3.740000e+00
   1.139477e+05  2.465400e+02  1.235300e+02]]SELL[[-8.000000e+00 -3.180000e+00  4.200000e+00  3.280000e+00  1.560000e+01
   5.420000e+00  1.600000e+00 -8.400000e-01 -5.900000e+00 -2.250000e+00
  -1.590000e+01 -4.020000e+00  1.900000e+00  1.970000e+00 -4.000000e+00
   6.500000e-01 -2.600000e+00 -3.740000e+00 -4.300000e+00 -1.310000e+00
   2.269140e+04  2.452300e+02  9.112613e+04]]SELL[[ 4.1999998e+00  3.2800000e+00  1.5600000e+01  5.4200001e+00
   1.6000000e+00 -8.3999997e-01 -5.9000001e+00 -2.2500000e+00
  -1.5900000e+01 -4.0200000e+00  1.9000000e+00  1.9700000e+00
  -4.0000000e+00  6.4999998e-01 -2.5999999e+00 -3.7400000e+00
  -4.3000002e+00 -1.3099999e+00  6.0000002e-01  1.5000000e+00
   4.6223999e+03  2.4673000e+02  1.0920233e+05]]SELL[[ 1.5600000e+01  5.4200001e+00  1.6000000e+00 -8.3999997e-01
  -5.9000001e+00 -2.2500000e+00 -1.5900000e+01 -4.0200000e+00
   1.9000000e+00  1.9700000e+00 -4.0000000e+00  6.4999998e-01
  -2.5999999e+00 -3.7400000e+00 -4.3000002e+00 -1.3099999e+00
   6.0000002e-01  1.5000000e+00 -1.0100000e+01  1.2100000e+00
   1.1253000e+03  2.4794000e+02  1.1266913e+05]]SELL[[ 1.6000000e+00 -8.3999997e-01 -5.9000001e+00 -2.2500000e+00
  -1.5900000e+01 -4.0200000e+00  1.9000000e+00  1.9700000e+00
  -4.0000000e+00  6.4999998e-01 -2.5999999e+00 -3.7400000e+00
  -4.3000002e+00 -1.3099999e+00  6.0000002e-01  1.5000000e+00
  -1.0100000e+01  1.2100000e+00  7.5000000e+00 -1.1200000e+00
   3.8260001e+02  2.4682001e+02  1.1341933e+05]]BUY[[-5.900000e+00 -2.250000e+00 -1.590000e+01 -4.020000e+00  1.900000e+00
   1.970000e+00 -4.000000e+00  6.500000e-01 -2.600000e+00 -3.740000e+00
  -4.300000e+00 -1.310000e+00  6.000000e-01  1.500000e+00 -1.010000e+01
   1.210000e+00  7.500000e+00 -1.120000e+00  4.500000e+00 -2.150000e+00
   8.980720e+04  2.495634e+04  1.099100e+02]]SELL[[-1.590000e+01 -4.020000e+00  1.900000e+00  1.970000e+00 -4.000000e+00
   6.500000e-01 -2.600000e+00 -3.740000e+00 -4.300000e+00 -1.310000e+00
   6.000000e-01  1.500000e+00 -1.010000e+01  1.210000e+00  7.500000e+00
  -1.120000e+00  4.500000e+00 -2.150000e+00  2.200000e+00  1.310000e+00
   1.829710e+04  5.165580e+03  9.154168e+04]]SELL[[ 1.9000000e+00  1.9700000e+00 -4.0000000e+00  6.4999998e-01
  -2.5999999e+00 -3.7400000e+00 -4.3000002e+00 -1.3099999e+00
   6.0000002e-01  1.5000000e+00 -1.0100000e+01  1.2100000e+00
   7.5000000e+00 -1.1200000e+00  4.5000000e+00 -2.1500001e+00
   2.2000000e+00  1.3099999e+00  6.0000002e-01 -4.7000000e-01
   3.8990000e+03  1.2275500e+03  1.0988146e+05]]SELL[[-4.000000e+00  6.500000e-01 -2.600000e+00 -3.740000e+00 -4.300000e+00
  -1.310000e+00  6.000000e-01  1.500000e+00 -1.010000e+01  1.210000e+00
   7.500000e+00 -1.120000e+00  4.500000e+00 -2.150000e+00  2.200000e+00
   1.310000e+00  6.000000e-01 -4.700000e-01 -1.000000e+00 -8.400000e-01
   7.778000e+02  2.446700e+02  1.139827e+05]]SELL[[-2.600000e+00 -3.740000e+00 -4.300000e+00 -1.310000e+00  6.000000e-01
   1.500000e+00 -1.010000e+01  1.210000e+00  7.500000e+00 -1.120000e+00
   4.500000e+00 -2.150000e+00  2.200000e+00  1.310000e+00  6.000000e-01
  -4.700000e-01 -1.000000e+00 -8.400000e-01 -6.200000e+00 -2.710000e+00
   3.827000e+02  2.419600e+02  1.143716e+05]]BUY[[-4.30000e+00 -1.31000e+00  6.00000e-01  1.50000e+00 -1.01000e+01
   1.21000e+00  7.50000e+00 -1.12000e+00  4.50000e+00 -2.15000e+00
   2.20000e+00  1.31000e+00  6.00000e-01 -4.70000e-01 -1.00000e+00
  -8.40000e-01 -6.20000e+00 -2.71000e+00 -3.00000e+00 -1.96000e+00
   8.01167e+04  3.36000e+04  3.72160e+02]]SELL[[ 6.000000e-01  1.500000e+00 -1.010000e+01  1.210000e+00  7.500000e+00
  -1.120000e+00  4.500000e+00 -2.150000e+00  2.200000e+00  1.310000e+00
   6.000000e-01 -4.700000e-01 -1.000000e+00 -8.400000e-01 -6.200000e+00
  -2.710000e+00 -3.000000e+00 -1.960000e+00 -7.600000e+00  1.030000e+00
   1.600030e+04  6.748840e+03  9.104176e+04]]SELL[[-1.0100000e+01  1.2100000e+00  7.5000000e+00 -1.1200000e+00
   4.5000000e+00 -2.1500001e+00  2.2000000e+00  1.3099999e+00
   6.0000002e-01 -4.7000000e-01 -1.0000000e+00 -8.3999997e-01
  -6.1999998e+00 -2.7100000e+00 -3.0000000e+00 -1.9600000e+00
  -7.5999999e+00  1.0300000e+00  8.9999998e-01 -2.9000001e+00
   3.3570000e+03  1.4287800e+03  1.0899582e+05]]SELL[[ 7.5000000e+00 -1.1200000e+00  4.5000000e+00 -2.1500001e+00
   2.2000000e+00  1.3099999e+00  6.0000002e-01 -4.7000000e-01
  -1.0000000e+00 -8.3999997e-01 -6.1999998e+00 -2.7100000e+00
  -3.0000000e+00 -1.9600000e+00 -7.5999999e+00  1.0300000e+00
   8.9999998e-01 -2.9000001e+00 -7.5999999e+00 -1.4000000e+00
   7.3079999e+02  4.7345999e+02  1.1255934e+05]]SELL